0 0.341796875 0.17501388888888889 0.021765625 0.02676388888888889
0 0.5697890625 0.17284722222222224 0.021234375 0.029388888888888888
0 0.6754296875 0.3297777777777778 0.017812500000000002 0.05304166666666666
0 0.7033125 0.3845833333333333 0.026875 0.06093055555555555
0 0.6255234375 0.4489722222222222 0.0298515625 0.07322222222222222
0 0.7169453125 0.5195416666666667 0.0290078125 0.07481944444444444
0 0.726421875 0.5801805555555556 0.030125000000000002 0.08666666666666667
0 0.7359609375 0.7031527777777777 0.029703125000000004 0.08509722222222223
0 0.7340312499999999 0.8073611111111111 0.034414062499999995 0.08206944444444444
0 0.7493203125 0.8859166666666667 0.032546874999999996 0.08786111111111111
0 0.715546875 0.8744027777777779 0.031203124999999998 0.08505555555555556
0 0.6809921875 0.934138888888889 0.035703125 0.0808611111111111
0 0.7399218750000001 0.9646944444444445 0.05307031250000001 0.057805555555555554
0 0.7499687500000001 0.9926805555555556 0.03553125 0.014638888888888887
0 0.4436640625 0.9353055555555555 0.0299609375 0.04744444444444444
0 0.3888203125 0.9791805555555555 0.053859375 0.04163888888888889