0 0.3422109375 0.17497222222222222 0.02309375 0.02634722222222222
0 0.5568359375 0.20268055555555556 0.025460937500000003 0.05393055555555555
0 0.6793203125 0.3620416666666667 0.025007812499999997 0.04758333333333333
0 0.70446875 0.38369444444444445 0.0257265625 0.06068055555555555
0 0.6255703125000001 0.4502638888888889 0.030156250000000002 0.07223611111111111
0 0.7215703125 0.5197916666666667 0.0335078125 0.07459722222222222
0 0.7321875 0.5935138888888889 0.0243828125 0.07818055555555556
0 0.7365468749999999 0.7022083333333333 0.030382812500000002 0.08416666666666667
0 0.7343124999999999 0.8080972222222222 0.034398437500000004 0.081375
0 0.7516406250000001 0.886388888888889 0.0310859375 0.08297222222222222
0 0.72090625 0.9006805555555556 0.033515625 0.09248611111111112
0 0.6811171875 0.9370416666666667 0.035296875 0.06665277777777778
0 0.7384453125 0.9632638888888888 0.05071875 0.05313888888888889
0 0.7492890625 0.9919861111111111 0.034890624999999995 0.016013888888888887
0 0.4456328125 0.9342638888888888 0.0328359375 0.049166666666666664
0 0.4074140625 0.9572222222222223 0.036421875 0.08555555555555555
0 0.4494296875 0.9800694444444444 0.0355234375 0.03986111111111111