0 0.341796875 0.17501388888888889 0.021765625 0.02676388888888889
0 0.70125 0.37954166666666667 0.027742187499999998 0.06245833333333333
0 0.69446875 0.29527777777777775 0.02146875 0.06130555555555556
0 0.719453125 0.5285972222222222 0.030898437499999997 0.08666666666666667
0 0.7288515624999999 0.6253611111111111 0.0238828125 0.07369444444444445
0 0.7120390624999999 0.7561527777777777 0.0489921875 0.06055555555555556
0 0.716875 0.8291944444444445 0.044179687499999995 0.066875
0 0.6466406250000001 0.9441666666666666 0.047828125 0.05925
0 0.721640625 0.9634722222222223 0.04653125 0.07305555555555555
0 0.441125 0.9270694444444445 0.029593750000000002 0.052222222222222225
0 0.40553906250000005 0.9804583333333332 0.052515624999999996 0.03908333333333333
0 0.708453125 0.436 0.035203125 0.06590277777777778
0 0.754671875 0.9520138888888889 0.025625 0.07165277777777779
0 0.621515625 0.3323333333333333 0.0200078125 0.026166666666666668
0 0.74925 0.8197361111111111 0.028476562500000004 0.09418055555555556
0 0.56159375 0.150125 0.027953125000000002 0.04093055555555555
0 0.61784375 0.23915277777777777 0.035171875000000005 0.043180555555555555