0 0.34097656249999997 0.1715 0.0213203125 0.03297222222222222
0 0.6219140624999999 0.3211527777777778 0.033203125 0.03622222222222222
0 0.7088984375 0.43379166666666663 0.03353125 0.07245833333333333
0 0.7039921875 0.3821666666666667 0.024734375 0.059472222222222225
0 0.695296875 0.2952916666666667 0.025 0.070125
0 0.72475 0.5828888888888889 0.029867187499999996 0.08643055555555555
0 0.7372421874999999 0.6427222222222222 0.027140625 0.08418055555555555
0 0.7124609375000001 0.7564166666666666 0.047445312499999996 0.06168055555555555
0 0.7128046875 0.8158749999999999 0.0374453125 0.09225
0 0.7493203125 0.8174166666666666 0.0293203125 0.09933333333333333
0 0.7546640625000001 0.9563611111111112 0.0232109375 0.075375
0 0.7259140625 0.9630833333333333 0.040328125 0.07384722222222223
0 0.64209375 0.9432916666666666 0.057851562499999995 0.06511111111111112
0 0.446171875 0.9362222222222223 0.0357890625 0.04769444444444445
0 0.39353125 0.9791805555555555 0.048765625 0.04163888888888889
0 0.4258671875 0.992875 0.037093749999999995 0.01423611111111111
0 0.5501953125 0.15345833333333334 0.0271015625 0.034958333333333334
0 0.61809375 0.22093055555555555 0.029562500000000002 0.05397222222222222