0 0.341796875 0.17501388888888889 0.021765625 0.02676388888888889
0 0.7033125 0.3845833333333333 0.026875 0.06093055555555555
0 0.7206015625 0.5197361111111111 0.0363125 0.07444444444444445
0 0.726421875 0.5801805555555556 0.030125000000000002 0.08666666666666667
0 0.7359609375 0.7031527777777777 0.029703125000000004 0.08509722222222223
0 0.733515625 0.7739166666666667 0.0346953125 0.08277777777777778
0 0.7128671875 0.8117777777777778 0.0361640625 0.09695833333333334
0 0.6809921875 0.934138888888889 0.035703125 0.0808611111111111
0 0.7323046875 0.9651388888888889 0.047796875 0.06972222222222223
0 0.44630468749999996 0.9350138888888889 0.0352421875 0.04804166666666667
0 0.39190625 0.9804583333333332 0.0517109375 0.03908333333333333
0 0.42096875 0.9942083333333334 0.02390625 0.010819444444444444
0 0.502640625 0.9975277777777778 0.027750000000000004 0.004944444444444445
0 0.6807578125 0.2808333333333333 0.03409375 0.05604166666666667
0 0.6079296875 0.2824861111111111 0.03046875 0.04509722222222222
0 0.7492421874999999 0.9848750000000001 0.0371484375 0.030250000000000003
0 0.6255234375 0.31044444444444447 0.0314140625 0.050152777777777775
0 0.7480703125 0.8846666666666667 0.0383671875 0.08313888888888889
0 0.42642968750000004 0.1635138888888889 0.0317109375 0.03686111111111111