0 0.3411015625 0.17516666666666666 0.02275 0.028111111111111108
0 0.7035 0.3843888888888889 0.025109375 0.06184722222222223
0 0.72221875 0.5165972222222222 0.025453125 0.06238888888888889
0 0.7248203125 0.58125 0.029695312499999998 0.08390277777777777
0 0.738 0.6950833333333333 0.0299921875 0.083875
0 0.7336953125 0.7714027777777778 0.032007812499999996 0.08477777777777777
0 0.7128203125 0.8154722222222222 0.0362734375 0.095875
0 0.7497812500000001 0.8867361111111112 0.0335 0.08336111111111112
0 0.682328125 0.9298611111111111 0.035234375 0.09663888888888889
0 0.73653125 0.9654999999999999 0.054203125 0.048874999999999995
0 0.7492265625 0.9897916666666666 0.0339765625 0.020388888888888887
0 0.44627343750000004 0.9366944444444444 0.0335 0.051569444444444446
0 0.3941328125 0.9799166666666667 0.043960937500000005 0.04016666666666667
0 0.42459375 0.9905416666666668 0.03625 0.018916666666666665
0 0.6249296875 0.3032777777777778 0.028664062499999997 0.037861111111111116
0 0.6104375 0.2782777777777778 0.0353203125 0.038
0 0.6797187499999999 0.27729166666666666 0.0370234375 0.04748611111111111
0 0.4255859375 0.15543055555555554 0.0321953125 0.024291666666666663