0 0.34228125 0.17470833333333335 0.023125 0.03083333333333333
0 0.6224999999999999 0.30570833333333336 0.0268828125 0.04033333333333333
0 0.7091171875 0.43472222222222223 0.033960937499999996 0.07433333333333333
0 0.7039921875 0.3821666666666667 0.024734375 0.059472222222222225
0 0.72334375 0.5217916666666667 0.0250546875 0.06808333333333334
0 0.72475 0.5800555555555555 0.029867187499999996 0.09206944444444445
0 0.737078125 0.7006249999999999 0.0373828125 0.057444444444444444
0 0.73321875 0.7720833333333333 0.0332421875 0.08736111111111111
0 0.712984375 0.8142638888888889 0.037093749999999995 0.0955
0 0.7493203125 0.8195555555555556 0.0293203125 0.09506944444444444
0 0.7579609375 0.9459861111111111 0.023929687499999998 0.07512500000000001
0 0.726234375 0.9637638888888889 0.0332421875 0.07247222222222222
0 0.6818671875 0.9273611111111112 0.0362109375 0.09701388888888889
0 0.446171875 0.9351527777777777 0.0357890625 0.049833333333333334
0 0.39353125 0.9791805555555555 0.048765625 0.04163888888888889
0 0.4258671875 0.992875 0.037093749999999995 0.01423611111111111
0 0.5502578125 0.17204166666666668 0.018070312499999998 0.051013888888888886
0 0.546796875 0.143 0.0193203125 0.03098611111111111