0 0.3411015625 0.17516666666666666 0.02275 0.028111111111111108
0 0.7035 0.3843888888888889 0.025109375 0.06184722222222223
0 0.72221875 0.5165972222222222 0.025453125 0.06238888888888889
0 0.7248203125 0.5820138888888889 0.029695312499999998 0.08236111111111111
0 0.738 0.6950833333333333 0.0299921875 0.083875
0 0.7336953125 0.7714027777777778 0.032007812499999996 0.08477777777777777
0 0.712984375 0.8178472222222223 0.0359375 0.10061111111111111
0 0.7497812500000001 0.8867361111111112 0.0335 0.08336111111111112
0 0.682328125 0.9298611111111111 0.035234375 0.09663888888888889
0 0.7317734375 0.9649305555555555 0.045140625000000004 0.070125
0 0.7494531249999999 0.9864166666666667 0.0365625 0.02715277777777778
0 0.44627343750000004 0.9366944444444444 0.0335 0.051569444444444446
0 0.3941328125 0.9799166666666667 0.043960937500000005 0.04016666666666667
0 0.42459375 0.9905416666666668 0.03625 0.018916666666666665
0 0.605140625 0.263 0.030226562499999998 0.03804166666666667
0 0.584078125 0.27829166666666666 0.0344921875 0.04311111111111111
0 0.640265625 0.2936666666666667 0.0293203125 0.030208333333333334