0 0.341796875 0.17501388888888889 0.021765625 0.02676388888888889
0 0.7020625 0.3824444444444445 0.029375000000000002 0.056666666666666664
0 0.7206015625 0.5197361111111111 0.0363125 0.07444444444444445
0 0.726421875 0.5801805555555556 0.030125000000000002 0.08666666666666667
0 0.737484375 0.6956666666666667 0.038 0.07169444444444444
0 0.7332734375000001 0.7774027777777778 0.034203125 0.07581944444444445
0 0.7128671875 0.8117777777777778 0.0361640625 0.09695833333333334
0 0.6809921875 0.934138888888889 0.035703125 0.0808611111111111
0 0.7280703125 0.9634722222222223 0.033671875000000004 0.07305555555555555
0 0.44630468749999996 0.9350138888888889 0.0352421875 0.04804166666666667
0 0.39190625 0.9804583333333332 0.0517109375 0.03908333333333333
0 0.4241328125 0.9933333333333334 0.0361796875 0.013277777777777779
0 0.703609375 0.43030555555555555 0.0347109375 0.06241666666666666
0 0.75771875 0.9459722222222222 0.0258515625 0.07125
0 0.6169296875 0.3276527777777778 0.027640625000000002 0.034999999999999996
0 0.74925 0.8219166666666666 0.028476562500000004 0.08983333333333335
0 0.5491640624999999 0.15280555555555556 0.023320312500000002 0.0315
0 0.6177734375 0.21540277777777778 0.0331484375 0.05259722222222222