0 0.3420546875 0.1760138888888889 0.022 0.029694444444444443
0 0.703171875 0.3839166666666667 0.027187499999999996 0.060625
0 0.6835625000000001 0.2763055555555555 0.0281328125 0.05663888888888889
0 0.7208125 0.5178611111111111 0.032882812500000004 0.07309722222222223
0 0.7276171875 0.5787638888888889 0.031578125 0.08918055555555554
0 0.735703125 0.7012916666666666 0.0309765625 0.08616666666666667
0 0.7327656250000001 0.775638888888889 0.0361796875 0.08026388888888888
0 0.6806640625 0.9320277777777777 0.036601562500000004 0.07994444444444444
0 0.7121953125 0.8134444444444444 0.0361328125 0.09922222222222223
0 0.7483906250000001 0.990625 0.0352890625 0.01875
0 0.3904453125 0.9808055555555555 0.0530859375 0.038375
0 0.4455703125 0.9350555555555555 0.033703125 0.050402777777777776
0 0.7514062499999999 0.8869722222222223 0.029148437500000002 0.08481944444444445
0 0.7255 0.9581666666666666 0.029281249999999998 0.08365277777777777
0 0.62421875 0.3047083333333333 0.027937499999999997 0.03863888888888889
0 0.6113593749999999 0.27945833333333336 0.034640625 0.03948611111111111