0 0.3411484375 0.1723611111111111 0.022578124999999998 0.031625
0 0.709484375 0.43769444444444444 0.0335859375 0.06801388888888889
0 0.7040625 0.3788611111111111 0.024875 0.0615
0 0.6965546875 0.2964861111111111 0.02396875 0.07068055555555555
0 0.7176953125 0.52925 0.035234375 0.08468055555555555
0 0.72946875 0.6222222222222222 0.026039062499999998 0.06759722222222223
0 0.7118828125000001 0.7569305555555556 0.0505 0.06206944444444444
0 0.713359375 0.8275972222222222 0.0487109375 0.06561111111111112
0 0.7493203125 0.8174166666666666 0.0293203125 0.09933333333333333
0 0.756046875 0.9549166666666666 0.025984374999999997 0.06556944444444444
0 0.7215234374999999 0.9631527777777779 0.047671875 0.07368055555555555
0 0.44139062500000004 0.9293611111111111 0.0309375 0.05509722222222223
0 0.5627109375 0.14613888888888887 0.0266015625 0.03286111111111111
0 0.616078125 0.24095833333333336 0.04046875 0.042375
0 0.645328125 0.9427361111111111 0.0532890625 0.06720833333333333
0 0.392484375 0.9784861111111111 0.0508828125 0.043041666666666666
0 0.62153125 0.331 0.0188671875 0.029305555555555557