0 0.3419453125 0.17452777777777778 0.0235859375 0.030375000000000003
0 0.6178281250000001 0.31886111111111115 0.031640625 0.043916666666666666
0 0.7082421875 0.4365277777777778 0.034687499999999996 0.0647638888888889
0 0.7039921875 0.3821666666666667 0.024734375 0.059472222222222225
0 0.7127265625 0.5000833333333333 0.0302109375 0.09018055555555557
0 0.7246484375 0.5825416666666666 0.0300703125 0.08715277777777777
0 0.7363593749999999 0.6616388888888889 0.027578125 0.0766388888888889
0 0.7124609375000001 0.7564166666666666 0.047445312499999996 0.06168055555555555
0 0.7128046875 0.8158749999999999 0.0374453125 0.09225
0 0.7493203125 0.8174166666666666 0.0293203125 0.09933333333333333
0 0.7546640625000001 0.9563611111111112 0.0232109375 0.075375
0 0.7262421875 0.9630833333333333 0.039671875 0.07383333333333333
0 0.635953125 0.9450972222222223 0.0665 0.06795833333333333
0 0.446109375 0.9362222222222223 0.03565625 0.048374999999999994
0 0.39353125 0.9791805555555555 0.048765625 0.04163888888888889
0 0.4258671875 0.992875 0.037093749999999995 0.01423611111111111
0 0.5501953125 0.15345833333333334 0.0271015625 0.034958333333333334
0 0.6169453125000001 0.21715277777777778 0.033953125 0.05866666666666667