0 0.341796875 0.17501388888888889 0.021765625 0.02676388888888889
0 0.7048593750000001 0.3839722222222222 0.02378125 0.059708333333333335
0 0.7206015625 0.5197361111111111 0.0363125 0.07444444444444445
0 0.726421875 0.5801805555555556 0.030125000000000002 0.08666666666666667
0 0.7359609375 0.7031527777777777 0.029703125000000004 0.08509722222222223
0 0.733515625 0.7739166666666667 0.0346953125 0.08277777777777778
0 0.7128671875 0.8117777777777778 0.0361640625 0.09695833333333334
0 0.6809921875 0.934138888888889 0.035703125 0.0808611111111111
0 0.7280703125 0.9634722222222223 0.033671875000000004 0.07305555555555555
0 0.44630468749999996 0.9350138888888889 0.0352421875 0.04804166666666667
0 0.39190625 0.9804583333333332 0.0517109375 0.03908333333333333
0 0.424875 0.9931944444444445 0.035890624999999995 0.01359722222222222
0 0.683484375 0.3551944444444445 0.02415625 0.06127777777777777
0 0.591328125 0.270875 0.02615625 0.04644444444444444
0 0.75771875 0.9459722222222222 0.0258515625 0.07125
0 0.6255234375 0.31044444444444447 0.0314140625 0.050152777777777775
0 0.74925 0.8219166666666666 0.028476562500000004 0.08983333333333335