0 0.34054687499999997 0.1740972222222222 0.0214375 0.02965277777777778
0 0.56678125 0.17174999999999999 0.0189453125 0.035472222222222224
0 0.6343125 0.2856111111111111 0.027742187499999998 0.05227777777777778
0 0.7040390624999999 0.3818194444444445 0.027625 0.059680555555555556
0 0.708796875 0.43543055555555554 0.031492187500000005 0.07234722222222223
0 0.719015625 0.5292222222222223 0.0315546875 0.08704166666666667
0 0.730421875 0.6202777777777778 0.0285078125 0.07443055555555556
0 0.7121640625000001 0.7576527777777777 0.049421875 0.06108333333333333
0 0.7366718750000001 0.8871527777777778 0.039125 0.07363888888888889
0 0.749046875 0.8190972222222223 0.03 0.09929166666666665
0 0.7399843749999999 0.987 0.0360546875 0.025986111111111113
0 0.754515625 0.9525138888888888 0.025265625000000003 0.06908333333333333
0 0.44121875 0.9273750000000001 0.031546875 0.05586111111111111
0 0.3997421875 0.9054305555555555 0.040859374999999996 0.08956944444444444
0 0.6364687499999999 0.4467222222222222 0.0350546875 0.07625
0 0.67646875 0.20093055555555553 0.0231328125 0.052875
0 0.30990625 0.9808472222222223 0.0506328125 0.03829166666666667
0 0.4381875 0.16426388888888888 0.0314375 0.03404166666666667