0 0.3420546875 0.1760138888888889 0.022 0.029694444444444443
0 0.6216640625000001 0.45549999999999996 0.0364375 0.06177777777777777
0 0.703171875 0.3839166666666667 0.027187499999999996 0.060625
0 0.6749375 0.3507777777777778 0.0222734375 0.03940277777777778
0 0.7208125 0.5178611111111111 0.032882812500000004 0.07309722222222223
0 0.7276171875 0.5787638888888889 0.031578125 0.08918055555555554
0 0.735703125 0.7012916666666666 0.0309765625 0.08616666666666667
0 0.7382265625 0.8074583333333334 0.0286015625 0.08369444444444445
0 0.6818046875 0.9393611111111112 0.03765625 0.08384722222222221
0 0.7218046874999999 0.8655833333333334 0.0328046875 0.08804166666666667
0 0.7498203125 0.9914583333333333 0.03815625 0.017083333333333336
0 0.3899609375 0.9800833333333333 0.058374999999999996 0.03981944444444445
0 0.44475781249999996 0.9341666666666667 0.033703125 0.050402777777777776
0 0.7517578125 0.885 0.031765625 0.08105555555555556
0 0.7390234375 0.9600555555555556 0.0529296875 0.06502777777777778
0 0.5875625 0.15875 0.034335937500000004 0.030847222222222224