0 0.3411015625 0.17516666666666666 0.02275 0.028111111111111108
0 0.7035 0.3843888888888889 0.025109375 0.06184722222222223
0 0.72221875 0.5165972222222222 0.025453125 0.06238888888888889
0 0.7248203125 0.58125 0.029695312499999998 0.08390277777777777
0 0.738 0.6950833333333333 0.0299921875 0.083875
0 0.7336953125 0.7714027777777778 0.032007812499999996 0.08477777777777777
0 0.7128203125 0.8154722222222222 0.0362734375 0.095875
0 0.7497812500000001 0.8867361111111112 0.0335 0.08336111111111112
0 0.682328125 0.9305277777777778 0.035234375 0.09530555555555556
0 0.7259218749999999 0.9595833333333333 0.031421875 0.08084722222222222
0 0.7492265625 0.9897916666666666 0.0339765625 0.020388888888888887
0 0.44627343750000004 0.9366944444444444 0.0335 0.051569444444444446
0 0.392828125 0.9799166666666667 0.0465625 0.04016666666666667
0 0.42459375 0.9905416666666668 0.03625 0.018916666666666665
0 0.6262265625000001 0.30325 0.031257812499999996 0.03779166666666667
0 0.60775 0.2787222222222222 0.03028125 0.034694444444444444
0 0.683984375 0.27605555555555555 0.030320312500000002 0.057541666666666665