0 0.3421953125 0.17502777777777778 0.0255546875 0.02761111111111111
0 0.605921875 0.2810694444444444 0.024875 0.03425
0 0.6233046875 0.30386111111111114 0.028609375 0.03776388888888889
0 0.6822109375000001 0.28368055555555555 0.029117187500000002 0.05561111111111111
0 0.70340625 0.38263888888888886 0.0245546875 0.0635
0 0.72421875 0.5195000000000001 0.0250546875 0.06547222222222222
0 0.7253515625 0.5805138888888889 0.0288046875 0.09129166666666667
0 0.7362421875 0.6969722222222222 0.0325625 0.07215277777777779
0 0.7339921875 0.7722361111111111 0.0345703125 0.08906944444444444
0 0.7128203125 0.8143194444444444 0.0363203125 0.09397222222222222
0 0.7483203125 0.8838333333333334 0.036148437500000005 0.08519444444444445
0 0.68209375 0.9301805555555556 0.0391015625 0.09236111111111112
0 0.7259765625 0.9642777777777778 0.0340703125 0.07144444444444444
0 0.75615625 0.9476666666666668 0.024234375 0.07845833333333334
0 0.44540625 0.9347916666666666 0.0340703125 0.049874999999999996
0 0.390671875 0.979638888888889 0.053359375 0.04072222222222222
0 0.4256171875 0.9921111111111112 0.0360703125 0.015777777777777776