0 0.3423984375 0.176625 0.022 0.029694444444444443
0 0.5599765624999999 0.20280555555555557 0.0305546875 0.055374999999999994
0 0.6251484375 0.45175 0.0333203125 0.07815277777777778
0 0.703171875 0.3839166666666667 0.027187499999999996 0.060625
0 0.680125 0.359875 0.022351562499999998 0.049166666666666664
0 0.7208125 0.5178611111111111 0.032882812500000004 0.07309722222222223
0 0.7283671875 0.58375 0.029445312499999998 0.08551388888888889
0 0.735703125 0.7012916666666666 0.0309765625 0.08616666666666667
0 0.7342109375 0.8084166666666666 0.0355390625 0.08441666666666667
0 0.6805234375 0.9376944444444444 0.0358515625 0.06929166666666667
0 0.7204843750000001 0.8998888888888888 0.0324375 0.09098611111111111
0 0.750671875 0.9911805555555555 0.039859375 0.017652777777777778
0 0.40705468749999996 0.957388888888889 0.0383359375 0.08522222222222223
0 0.44609375 0.9353472222222223 0.034890624999999995 0.04670833333333334
0 0.44485937499999995 0.9790138888888889 0.034164062499999995 0.04197222222222222
0 0.7517578125 0.885 0.031765625 0.08105555555555556
0 0.7391796875 0.9620555555555554 0.0546015625 0.052125000000000005