0 0.3399375 0.17415277777777777 0.021156249999999998 0.030083333333333333
0 0.5640078125 0.14725 0.0253828125 0.035291666666666666
0 0.6169296875 0.24134722222222224 0.03965625 0.04488888888888889
0 0.69609375 0.2975277777777778 0.0218359375 0.06697222222222222
0 0.6216796875 0.33179166666666665 0.0200546875 0.025611111111111112
0 0.7040390624999999 0.3818194444444445 0.027625 0.059680555555555556
0 0.708796875 0.43543055555555554 0.031492187500000005 0.07234722222222223
0 0.7189687499999999 0.530625 0.031640625 0.08423611111111111
0 0.7306250000000001 0.6234444444444445 0.027625 0.06706944444444445
0 0.71503125 0.7569166666666667 0.043671875 0.06258333333333334
0 0.715921875 0.8299305555555555 0.046046875 0.06865277777777777
0 0.749046875 0.8190972222222223 0.03 0.09929166666666665
0 0.7224140625000001 0.9635 0.047195312499999996 0.07300000000000001
0 0.754890625 0.9484027777777778 0.024515625 0.07890277777777778
0 0.6483984375 0.9436249999999999 0.048078125 0.06409722222222222
0 0.44263281250000003 0.9304305555555555 0.0334765625 0.050930555555555555
0 0.39240624999999996 0.9793333333333334 0.0516953125 0.04133333333333333