0 0.34054687499999997 0.1740972222222222 0.0214375 0.02965277777777778
0 0.5650546875 0.1565 0.0193671875 0.037875
0 0.6260078124999999 0.2629166666666667 0.0235 0.052069444444444446
0 0.7040390624999999 0.3818194444444445 0.027625 0.059680555555555556
0 0.708796875 0.43543055555555554 0.031492187500000005 0.07234722222222223
0 0.719015625 0.5292222222222223 0.0315546875 0.08704166666666667
0 0.730421875 0.6202777777777778 0.0285078125 0.07443055555555556
0 0.711375 0.7576527777777777 0.050992187499999994 0.06108333333333333
0 0.7366718750000001 0.8871527777777778 0.039125 0.07363888888888889
0 0.749046875 0.8190972222222223 0.03 0.09929166666666665
0 0.7226015625 0.9604444444444444 0.0443203125 0.07058333333333333
0 0.754890625 0.9525833333333333 0.024515625 0.07055555555555555
0 0.44121875 0.9237361111111112 0.031546875 0.06313888888888888
0 0.397921875 0.9080277777777778 0.044515624999999996 0.08431944444444445
0 0.6363203125 0.44758333333333333 0.0366953125 0.07626388888888888
0 0.695921875 0.297875 0.021921875 0.06538888888888889
0 0.31025 0.9819166666666667 0.057437499999999996 0.036166666666666666
0 0.35934374999999996 0.9899444444444444 0.0338515625 0.020097222222222225