0 0.3420546875 0.1760138888888889 0.022 0.029694444444444443
0 0.6166484375 0.4469722222222222 0.0443125 0.05322222222222222
0 0.703171875 0.3839166666666667 0.027187499999999996 0.060625
0 0.6749375 0.3507777777777778 0.0222734375 0.03940277777777778
0 0.7208125 0.5178611111111111 0.032882812500000004 0.07309722222222223
0 0.7276171875 0.5787638888888889 0.031578125 0.08918055555555554
0 0.735703125 0.7012916666666666 0.0309765625 0.08616666666666667
0 0.734390625 0.781986111111111 0.036851562500000004 0.09266666666666666
0 0.6818046875 0.9393611111111112 0.03765625 0.08384722222222221
0 0.7199921875 0.8623611111111111 0.0364296875 0.08804166666666667
0 0.749859375 0.9912361111111112 0.038242187500000004 0.017541666666666667
0 0.3899609375 0.9800833333333333 0.058374999999999996 0.03981944444444445
0 0.44475781249999996 0.9341666666666667 0.033703125 0.050402777777777776
0 0.7517578125 0.885 0.031765625 0.08105555555555556
0 0.7379765625 0.9604583333333333 0.054867187500000004 0.06477777777777778