0 0.341796875 0.17501388888888889 0.021765625 0.02676388888888889
0 0.70125 0.37954166666666667 0.027742187499999998 0.06245833333333333
0 0.6765859375 0.19801388888888888 0.0224609375 0.052861111111111116
0 0.719453125 0.5285972222222222 0.030898437499999997 0.08666666666666667
0 0.72978125 0.6248055555555556 0.026984374999999998 0.077
0 0.7116015625000001 0.76025 0.04425 0.066625
0 0.73828125 0.888875 0.0417109375 0.06583333333333333
0 0.6384765625 0.44513888888888886 0.031765625 0.0794861111111111
0 0.740671875 0.9864444444444445 0.031109375 0.02711111111111111
0 0.441125 0.9270694444444445 0.029593750000000002 0.052222222222222225
0 0.40034375000000005 0.9045555555555556 0.037921875 0.08738888888888889
0 0.708453125 0.436 0.035203125 0.06590277777777778
0 0.75478125 0.9581527777777777 0.0258515625 0.07125
0 0.74925 0.8197361111111111 0.028476562500000004 0.09418055555555556
0 0.5640859375 0.1782638888888889 0.01890625 0.03841666666666667
0 0.63196875 0.29156944444444444 0.0290078125 0.06381944444444444
0 0.3135703125 0.9838472222222222 0.046421875 0.03229166666666667
0 0.46694531250000004 0.17725000000000002 0.0351875 0.0385