0 0.3421953125 0.17502777777777778 0.0255546875 0.02761111111111111
0 0.5479140625000001 0.1532777777777778 0.0234921875 0.030347222222222223
0 0.6163359374999999 0.32630555555555557 0.0277890625 0.03686111111111111
0 0.7077265625 0.43484722222222216 0.033484375 0.07168055555555555
0 0.7040078125 0.37831944444444443 0.02384375 0.05398611111111111
0 0.72421875 0.5195000000000001 0.0250546875 0.06547222222222222
0 0.7253515625 0.5805138888888889 0.0288046875 0.09129166666666667
0 0.7362421875 0.6969722222222222 0.0325625 0.07215277777777779
0 0.7339921875 0.7722361111111111 0.0345703125 0.08906944444444444
0 0.7128203125 0.8143194444444444 0.0363203125 0.09397222222222222
0 0.7489140625 0.8204027777777778 0.0313671875 0.09416666666666666
0 0.6805078124999999 0.9376666666666666 0.041875 0.0743888888888889
0 0.7259765625 0.9642777777777778 0.0340703125 0.07144444444444444
0 0.7591015624999999 0.9440555555555556 0.025507812499999998 0.08156944444444444
0 0.44540625 0.9347916666666666 0.0340703125 0.049874999999999996
0 0.390671875 0.979638888888889 0.053359375 0.04072222222222222
0 0.4256171875 0.9921111111111112 0.0360703125 0.015777777777777776