0 0.340140625 0.17366666666666666 0.020617187500000002 0.030500000000000003
0 0.5635 0.14648611111111112 0.0226796875 0.03438888888888889
0 0.6167890625 0.24152777777777779 0.039554687500000005 0.045861111111111116
0 0.6958984375 0.29694444444444446 0.0214375 0.06815277777777778
0 0.7040390624999999 0.3818194444444445 0.027625 0.059680555555555556
0 0.708796875 0.43543055555555554 0.031492187500000005 0.07234722222222223
0 0.719015625 0.5292222222222223 0.0315546875 0.08704166666666667
0 0.7305937499999999 0.6231805555555555 0.0288515625 0.06862499999999999
0 0.7121171875 0.7573749999999999 0.0495 0.061638888888888896
0 0.73359375 0.8798194444444445 0.039453125 0.06768055555555555
0 0.749046875 0.8190972222222223 0.03 0.09929166666666665
0 0.7224140625000001 0.9635 0.047195312499999996 0.07300000000000001
0 0.754890625 0.9484027777777778 0.024515625 0.07890277777777778
0 0.44186718750000004 0.9290138888888889 0.031234374999999998 0.05416666666666667
0 0.3944296875 0.9097777777777777 0.0327421875 0.09506944444444444
0 0.62071875 0.33190277777777777 0.0211640625 0.02647222222222222
0 0.602734375 0.93325 0.041515625 0.07465277777777778
0 0.3708046875 0.9857222222222223 0.0311953125 0.028555555555555553
0 0.3388125 0.9854305555555556 0.0461796875 0.029124999999999998