0 0.34228125 0.17470833333333335 0.023125 0.03083333333333333
0 0.6246328125 0.30365277777777777 0.0309609375 0.03831944444444445
0 0.6826328125 0.35675 0.02609375 0.06283333333333334
0 0.70359375 0.3836805555555556 0.02553125 0.06251388888888888
0 0.72334375 0.5217916666666667 0.0250546875 0.06808333333333334
0 0.7247890625 0.5795972222222222 0.029867187499999996 0.09206944444444445
0 0.7380312499999999 0.7004444444444444 0.035828125 0.05845833333333334
0 0.73321875 0.7720833333333333 0.0332421875 0.08736111111111111
0 0.712984375 0.8142638888888889 0.037093749999999995 0.0955
0 0.7509453125000001 0.8195555555555556 0.0260625 0.09506944444444444
0 0.7591640625 0.9480138888888889 0.0298203125 0.07331944444444444
0 0.726234375 0.9637638888888889 0.0332421875 0.07247222222222222
0 0.6818671875 0.9302499999999999 0.0362109375 0.09122222222222223
0 0.445015625 0.9354444444444444 0.033484375 0.04925
0 0.3909375 0.9791805555555555 0.053953125000000005 0.04163888888888889
0 0.4258671875 0.992875 0.037093749999999995 0.01423611111111111
0 0.58840625 0.26434722222222223 0.02946875 0.04541666666666667