0 0.3419453125 0.17452777777777778 0.0235859375 0.030375000000000003
0 0.622671875 0.3199861111111111 0.0354296875 0.035583333333333335
0 0.7102578125 0.43815277777777784 0.0335859375 0.06801388888888889
0 0.7040625 0.3788611111111111 0.024875 0.0615
0 0.678453125 0.4139861111111111 0.026273437500000003 0.0798611111111111
0 0.7246484375 0.5817083333333333 0.0300703125 0.08881944444444445
0 0.7373125 0.6439583333333333 0.027445312500000003 0.08022222222222222
0 0.7132890625 0.7564166666666666 0.0457890625 0.06168055555555555
0 0.7128046875 0.8158749999999999 0.0374453125 0.09225
0 0.7493203125 0.8174166666666666 0.0293203125 0.09933333333333333
0 0.756046875 0.957763888888889 0.025984374999999997 0.05988888888888889
0 0.72521875 0.9630833333333333 0.0391953125 0.07383333333333333
0 0.6370859375 0.9463055555555556 0.06448437500000001 0.06795833333333333
0 0.446109375 0.9362222222222223 0.03565625 0.048374999999999994
0 0.39353125 0.9791805555555555 0.048765625 0.04163888888888889
0 0.4258671875 0.992875 0.037093749999999995 0.01423611111111111
0 0.5501953125 0.15345833333333334 0.0271015625 0.034958333333333334
0 0.6167734375 0.22008333333333335 0.0323125 0.05443055555555555