0 0.341796875 0.17501388888888889 0.021765625 0.02676388888888889
0 0.7020625 0.3785277777777778 0.029375000000000002 0.048833333333333326
0 0.7206015625 0.5197361111111111 0.0363125 0.07444444444444445
0 0.726421875 0.5801805555555556 0.030125000000000002 0.08666666666666667
0 0.737140625 0.6985277777777777 0.0377109375 0.06420833333333333
0 0.733515625 0.7739166666666667 0.0346953125 0.08277777777777778
0 0.7128671875 0.8117777777777778 0.0361640625 0.09695833333333334
0 0.6814765625 0.9268055555555554 0.034734375 0.09552777777777778
0 0.7271015625 0.9647638888888889 0.0361015625 0.07047222222222223
0 0.44630468749999996 0.9350138888888889 0.0352421875 0.04804166666666667
0 0.39190625 0.9804583333333332 0.0517109375 0.03908333333333333
0 0.42525 0.9934583333333333 0.0375390625 0.013069444444444444
0 0.7102578125 0.4362083333333333 0.0326640625 0.07423611111111111
0 0.5507578125 0.1733888888888889 0.0185546875 0.051444444444444445
0 0.75771875 0.9459722222222222 0.0258515625 0.07125
0 0.6253828125 0.3163472222222222 0.023046875 0.04758333333333333
0 0.74925 0.8219166666666666 0.028476562500000004 0.08983333333333335
0 0.5415078125 0.14830555555555555 0.027953125000000002 0.03931944444444444