0 0.3411484375 0.1723611111111111 0.022578124999999998 0.031625
0 0.6206171875 0.31851388888888893 0.027828125 0.04030555555555555
0 0.7102578125 0.43815277777777784 0.0335859375 0.06801388888888889
0 0.7040625 0.3788611111111111 0.024875 0.0615
0 0.6965546875 0.2964861111111111 0.02396875 0.07068055555555555
0 0.7243515625 0.5823472222222222 0.031570312499999996 0.08872222222222223
0 0.734265625 0.6289583333333334 0.025242187500000002 0.08727777777777779
0 0.711765625 0.7562222222222222 0.048828125 0.060097222222222225
0 0.71265625 0.8199583333333333 0.0377265625 0.091125
0 0.7493203125 0.8174166666666666 0.0293203125 0.09933333333333333
0 0.756046875 0.9549166666666666 0.025984374999999997 0.06556944444444444
0 0.7215234374999999 0.9631527777777779 0.047671875 0.07368055555555555
0 0.44139062500000004 0.9293611111111111 0.0309375 0.05509722222222223
0 0.391953125 0.9794027777777777 0.051226562499999996 0.04119444444444444
0 0.5487109375 0.1545138888888889 0.0215390625 0.038375
0 0.6163046875 0.24095833333333336 0.040031250000000004 0.042375
0 0.6457421875 0.9436666666666668 0.0532109375 0.06438888888888888