0 0.341796875 0.17501388888888889 0.021765625 0.02676388888888889
0 0.70125 0.37954166666666667 0.027742187499999998 0.06245833333333333
0 0.69446875 0.29527777777777775 0.02146875 0.06130555555555556
0 0.719453125 0.5285972222222222 0.030898437499999997 0.08666666666666667
0 0.72978125 0.6248055555555556 0.026984374999999998 0.077
0 0.7116015625000001 0.76025 0.04425 0.066625
0 0.73828125 0.888875 0.0417109375 0.06583333333333333
0 0.6270078125 0.8066388888888889 0.0405859375 0.09826388888888889
0 0.7243125 0.9634722222222223 0.0411875 0.07305555555555555
0 0.441125 0.9270694444444445 0.029593750000000002 0.052222222222222225
0 0.3996484375 0.9088888888888889 0.0448984375 0.07872222222222222
0 0.708453125 0.436 0.035203125 0.06590277777777778
0 0.75478125 0.9581527777777777 0.0258515625 0.07125
0 0.6211562500000001 0.3310972222222222 0.022046875 0.023708333333333335
0 0.74925 0.8197361111111111 0.028476562500000004 0.09418055555555556
0 0.564984375 0.15741666666666668 0.01890625 0.03841666666666667
0 0.6168515625000001 0.2410138888888889 0.0371484375 0.042680555555555555
0 0.32032812499999996 0.9842777777777777 0.051390625 0.03144444444444445
0 0.3790546875 0.9788055555555556 0.0279296875 0.042388888888888886