0 0.3419453125 0.17452777777777778 0.0235859375 0.030375000000000003
0 0.6211328125 0.3206111111111111 0.0333203125 0.034333333333333334
0 0.7102578125 0.43815277777777784 0.0335859375 0.06801388888888889
0 0.7040625 0.3788611111111111 0.024875 0.0615
0 0.6946015625 0.3158611111111111 0.0215859375 0.06784722222222223
0 0.7246484375 0.5817083333333333 0.0300703125 0.08881944444444445
0 0.7373125 0.6439583333333333 0.027445312500000003 0.08022222222222222
0 0.7132890625 0.7564166666666666 0.0457890625 0.06168055555555555
0 0.7128046875 0.8158749999999999 0.0374453125 0.09225
0 0.7493203125 0.8174166666666666 0.0293203125 0.09933333333333333
0 0.756046875 0.957763888888889 0.025984374999999997 0.05988888888888889
0 0.7239765625000001 0.9638472222222223 0.0427734375 0.07230555555555555
0 0.6392187500000001 0.9405833333333333 0.06171093749999999 0.06308333333333334
0 0.446109375 0.9362222222222223 0.03565625 0.048374999999999994
0 0.39353125 0.9791805555555555 0.048765625 0.04163888888888889
0 0.4258671875 0.992875 0.037093749999999995 0.01423611111111111
0 0.5501953125 0.15345833333333334 0.0271015625 0.034958333333333334
0 0.6203125 0.226 0.0236015625 0.06630555555555556
0 0.5406328125 0.9795694444444444 0.0479296875 0.040875