0 0.341796875 0.17501388888888889 0.021765625 0.02676388888888889
0 0.7020625 0.3824444444444445 0.029375000000000002 0.056666666666666664
0 0.686609375 0.3907638888888889 0.0225625 0.07211111111111111
0 0.726421875 0.5801805555555556 0.030125000000000002 0.08666666666666667
0 0.73553125 0.6444027777777778 0.033265625 0.07418055555555556
0 0.7136875 0.7613055555555556 0.040078125 0.0645138888888889
0 0.7128671875 0.8117777777777778 0.0361640625 0.09695833333333334
0 0.6435625 0.9450416666666666 0.0536875 0.06369444444444444
0 0.7243125 0.9634722222222223 0.0411875 0.07305555555555555
0 0.44630468749999996 0.9350138888888889 0.0352421875 0.04804166666666667
0 0.39190625 0.9804583333333332 0.0517109375 0.03908333333333333
0 0.4252890625 0.9929444444444444 0.0370859375 0.01411111111111111
0 0.7033671874999999 0.43204166666666666 0.035203125 0.06590277777777778
0 0.75478125 0.9581527777777777 0.0258515625 0.07125
0 0.621515625 0.32355555555555554 0.03203125 0.04081944444444444
0 0.74925 0.8197361111111111 0.028476562500000004 0.09418055555555556
0 0.549640625 0.15518055555555557 0.027953125000000002 0.03931944444444444
0 0.6193203125 0.22419444444444442 0.025039062499999997 0.06001388888888889
0 0.578546875 0.9791388888888889 0.048265625 0.04172222222222222