0 0.3411015625 0.17516666666666666 0.02275 0.028111111111111108
0 0.6230546875 0.3070138888888889 0.0249296875 0.043125000000000004
0 0.7036796875 0.374875 0.02475 0.042833333333333334
0 0.7048359375000001 0.41601388888888885 0.031375 0.06787499999999999
0 0.7196171875 0.5165972222222222 0.025453125 0.06238888888888889
0 0.7248203125 0.5830972222222222 0.029695312499999998 0.08020833333333334
0 0.7354296875 0.6996527777777778 0.032390625 0.07473611111111111
0 0.7336953125 0.7743749999999999 0.032007812499999996 0.07884722222222222
0 0.713171875 0.8149166666666667 0.033937499999999995 0.09234722222222222
0 0.7486328125 0.819 0.030648437499999997 0.09097222222222222
0 0.6852578125 0.9310833333333334 0.0370078125 0.08745833333333333
0 0.7269609375 0.9662083333333332 0.035515625 0.06759722222222223
0 0.7565859374999999 0.945 0.026578125 0.07469444444444445
0 0.4458046875 0.9337777777777778 0.031625 0.050736111111111114
0 0.3941328125 0.9799166666666667 0.043960937500000005 0.04016666666666667
0 0.42459375 0.9905416666666668 0.03625 0.018916666666666665
0 0.5564296875 0.22583333333333333 0.0181015625 0.04977777777777778