0 0.343375 0.17391666666666666 0.02703125 0.0285
0 0.6209374999999999 0.330875 0.0211796875 0.024388888888888887
0 0.7102578125 0.43815277777777784 0.0335859375 0.06801388888888889
0 0.7040625 0.3788611111111111 0.024875 0.0615
0 0.6953828125 0.29431944444444447 0.024359375 0.07223611111111111
0 0.7193984375 0.5308194444444444 0.032609375 0.08366666666666667
0 0.7307578125 0.6213472222222223 0.028445312499999997 0.07416666666666666
0 0.7119375 0.7564166666666666 0.0484921875 0.06168055555555555
0 0.7381328125 0.8875833333333333 0.0403984375 0.0765138888888889
0 0.7493203125 0.8174166666666666 0.0293203125 0.09933333333333333
0 0.756046875 0.9549166666666666 0.025984374999999997 0.06556944444444444
0 0.7239765625000001 0.9638472222222223 0.0427734375 0.07230555555555555
0 0.6021875 0.9165972222222223 0.04359375 0.09509722222222222
0 0.4413359375 0.9269861111111111 0.030828125 0.059847222222222225
0 0.377953125 0.9774861111111111 0.0333046875 0.04502777777777778
0 0.5651796874999999 0.15141666666666667 0.020398437499999998 0.03752777777777778
0 0.6161328125 0.24056944444444445 0.0406875 0.04575
0 0.39915625 0.9097916666666666 0.047796875 0.08286111111111111
0 0.3386328125 0.9838472222222222 0.0447109375 0.03229166666666667