0 0.34228125 0.17470833333333335 0.023125 0.03083333333333333
0 0.62 0.31690277777777776 0.034515625 0.03743055555555556
0 0.7088984375 0.43379166666666663 0.03353125 0.07245833333333333
0 0.7039921875 0.3821666666666667 0.024734375 0.059472222222222225
0 0.7130468750000001 0.49648611111111113 0.026546874999999998 0.0875
0 0.72475 0.5828888888888889 0.029867187499999996 0.08643055555555555
0 0.7371171875 0.6603333333333333 0.0268828125 0.0782361111111111
0 0.7124609375000001 0.7564166666666666 0.047445312499999996 0.06168055555555555
0 0.7128046875 0.8158749999999999 0.0374453125 0.09225
0 0.7493203125 0.8174166666666666 0.0293203125 0.09933333333333333
0 0.7546640625000001 0.9563611111111112 0.0232109375 0.075375
0 0.7259140625 0.9630833333333333 0.040328125 0.07384722222222223
0 0.635921875 0.9453472222222222 0.0650546875 0.06556944444444444
0 0.446171875 0.9362222222222223 0.0357890625 0.04769444444444445
0 0.39353125 0.9791805555555555 0.048765625 0.04163888888888889
0 0.4258671875 0.992875 0.037093749999999995 0.01423611111111111
0 0.5487890625 0.152625 0.0271015625 0.034958333333333334
0 0.61821875 0.21818055555555557 0.032390625 0.059458333333333335