0 0.3411015625 0.17516666666666666 0.02275 0.028111111111111108
0 0.6464765625 0.2818333333333333 0.0137578125 0.030083333333333333
0 0.7035 0.3843888888888889 0.025109375 0.06184722222222223
0 0.72221875 0.5165972222222222 0.025453125 0.06238888888888889
0 0.7248203125 0.5830972222222222 0.029695312499999998 0.08020833333333334
0 0.7354296875 0.6996527777777778 0.032390625 0.07473611111111111
0 0.7336953125 0.7743749999999999 0.032007812499999996 0.07884722222222222
0 0.711859375 0.8226388888888888 0.034335937500000004 0.09104166666666666
0 0.7497812500000001 0.8867361111111112 0.0335 0.08336111111111112
0 0.6841484375 0.9306666666666668 0.035234375 0.09663888888888889
0 0.7317734375 0.9649305555555555 0.045140625000000004 0.070125
0 0.7494531249999999 0.9864166666666667 0.0365625 0.02715277777777778
0 0.4458046875 0.9337777777777778 0.031625 0.050736111111111114
0 0.3941328125 0.9799166666666667 0.043960937500000005 0.04016666666666667
0 0.42459375 0.9905416666666668 0.03625 0.018916666666666665
0 0.5844375 0.25893055555555555 0.0205390625 0.05031944444444444