0 0.341796875 0.17501388888888889 0.021765625 0.02676388888888889
0 0.7020625 0.3824444444444445 0.029375000000000002 0.056666666666666664
0 0.7117890625000001 0.4949305555555556 0.0323984375 0.08227777777777778
0 0.726421875 0.5801805555555556 0.030125000000000002 0.08666666666666667
0 0.7325859375 0.6612916666666666 0.029187499999999998 0.07256944444444445
0 0.7136875 0.7613055555555556 0.040078125 0.0645138888888889
0 0.7128671875 0.8117777777777778 0.0361640625 0.09695833333333334
0 0.63765625 0.9415416666666666 0.0626328125 0.06433333333333334
0 0.7280703125 0.9634722222222223 0.033671875000000004 0.07305555555555555
0 0.44630468749999996 0.9350138888888889 0.0352421875 0.04804166666666667
0 0.39190625 0.9804583333333332 0.0517109375 0.03908333333333333
0 0.42495312500000004 0.9916111111111111 0.0348125 0.016027777777777776
0 0.7033671874999999 0.43204166666666666 0.035203125 0.06590277777777778
0 0.75478125 0.9581527777777777 0.0258515625 0.07125
0 0.6177578125000001 0.3194166666666666 0.032390625 0.045263888888888895
0 0.74925 0.8197361111111111 0.028476562500000004 0.09418055555555556
0 0.5502265625 0.15379166666666666 0.0254765625 0.03356944444444444
0 0.617640625 0.21758333333333332 0.0334140625 0.05697222222222223