0 0.34199999999999997 0.17408333333333334 0.022515625 0.028541666666666667
0 0.557078125 0.20080555555555557 0.0246640625 0.05397222222222222
0 0.6807265625000001 0.36269444444444443 0.02215625 0.05330555555555556
0 0.7043437499999999 0.3836805555555556 0.0243671875 0.059652777777777784
0 0.6243593749999999 0.4479444444444444 0.029671874999999997 0.07875
0 0.7206328125 0.5220694444444445 0.037601562500000005 0.07430555555555556
0 0.7313671875 0.5945833333333334 0.028265625 0.08459722222222221
0 0.7360156250000001 0.703375 0.030390624999999998 0.087
0 0.7344062499999999 0.808375 0.034328125 0.08320833333333333
0 0.7523046875 0.8853472222222223 0.032945312500000004 0.07301388888888889
0 0.7204531249999999 0.9002916666666667 0.0328984375 0.09400000000000001
0 0.6809062499999999 0.938138888888889 0.036843749999999995 0.06790277777777778
0 0.7396015625000001 0.9581805555555556 0.051914062500000004 0.050722222222222224
0 0.749796875 0.9909027777777778 0.034328125 0.018194444444444444
0 0.4465 0.9352638888888889 0.0325390625 0.044361111111111115
0 0.407671875 0.9578194444444444 0.0379140625 0.08436111111111111
0 0.448828125 0.9800833333333333 0.0357578125 0.03983333333333333