0 0.34228125 0.17470833333333335 0.023125 0.03083333333333333
0 0.6207578125000001 0.316875 0.037093749999999995 0.03718055555555556
0 0.7090390625 0.43459722222222225 0.0338203125 0.07406944444444444
0 0.7039921875 0.3821666666666667 0.024734375 0.059472222222222225
0 0.721140625 0.5187777777777778 0.0362265625 0.044013888888888894
0 0.72475 0.5839722222222222 0.029867187499999996 0.08424999999999999
0 0.7355859375 0.6568888888888889 0.025484374999999997 0.07511111111111111
0 0.7125703125 0.7567361111111112 0.0474609375 0.059083333333333335
0 0.712984375 0.8142638888888889 0.037093749999999995 0.0955
0 0.7493203125 0.8195555555555556 0.0293203125 0.09506944444444444
0 0.7585390624999999 0.9442777777777778 0.023929687499999998 0.07512500000000001
0 0.7263203125000001 0.9637638888888889 0.039515625 0.07247222222222222
0 0.636515625 0.9448055555555556 0.0632890625 0.0645138888888889
0 0.446171875 0.9351527777777777 0.0357890625 0.049833333333333334
0 0.39353125 0.9791805555555555 0.048765625 0.04163888888888889
0 0.4258671875 0.992875 0.037093749999999995 0.01423611111111111
0 0.5498984375 0.15069444444444444 0.0251875 0.03738888888888889
0 0.6177109375 0.21631944444444445 0.0318125 0.06197222222222222