0 0.341796875 0.17501388888888889 0.021765625 0.02676388888888889
0 0.6752109374999999 0.34868055555555555 0.0173828125 0.04120833333333333
0 0.7033125 0.3845833333333333 0.026875 0.06093055555555555
0 0.5527031250000001 0.40468055555555554 0.0366484375 0.07895833333333334
0 0.7206015625 0.5197361111111111 0.0363125 0.07444444444444445
0 0.726421875 0.5801805555555556 0.030125000000000002 0.08666666666666667
0 0.7359609375 0.7031527777777777 0.029703125000000004 0.08509722222222223
0 0.7331562500000001 0.7713333333333333 0.03396875 0.08793055555555555
0 0.7493203125 0.8859166666666667 0.032546874999999996 0.08786111111111111
0 0.7148125000000001 0.8639027777777778 0.0438515625 0.10604166666666666
0 0.6809921875 0.934138888888889 0.035703125 0.0808611111111111
0 0.7399218750000001 0.9646944444444445 0.05307031250000001 0.057805555555555554
0 0.7501015625 0.9894305555555556 0.0357890625 0.02113888888888889
0 0.4436640625 0.9353055555555555 0.0299609375 0.04744444444444444
0 0.3888203125 0.9791805555555555 0.053859375 0.04163888888888889