0 0.341796875 0.17501388888888889 0.021765625 0.02676388888888889
0 0.7033125 0.3845833333333333 0.026875 0.06093055555555555
0 0.7206015625 0.5197361111111111 0.0363125 0.07444444444444445
0 0.726421875 0.5801805555555556 0.030125000000000002 0.08666666666666667
0 0.7359609375 0.7031527777777777 0.029703125000000004 0.08509722222222223
0 0.733515625 0.7739166666666667 0.0346953125 0.08277777777777778
0 0.7127265625 0.81525 0.0350703125 0.09980555555555555
0 0.6812109375000001 0.9274305555555555 0.0352578125 0.0942638888888889
0 0.7323046875 0.9651388888888889 0.047796875 0.06972222222222223
0 0.4457890625 0.9344583333333333 0.0342109375 0.04915277777777778
0 0.39190625 0.9804583333333332 0.0517109375 0.03908333333333333
0 0.64709375 0.28208333333333335 0.01634375 0.02825
0 0.5593281250000001 0.2346111111111111 0.020710937500000002 0.051680555555555556
0 0.7492421874999999 0.9848750000000001 0.0371484375 0.030250000000000003
0 0.5841484375 0.26125 0.0185390625 0.04052777777777778
0 0.7480703125 0.8846666666666667 0.0383671875 0.08313888888888889
0 0.4254921875 0.9914444444444445 0.0358203125 0.01711111111111111