0 0.34153125 0.17463888888888887 0.0233984375 0.028555555555555553
0 0.5702578125 0.14662499999999998 0.0229140625 0.033
0 0.6167890625 0.24152777777777779 0.039554687500000005 0.045861111111111116
0 0.6958984375 0.29694444444444446 0.0214375 0.06815277777777778
0 0.7040390624999999 0.3818194444444445 0.027625 0.059680555555555556
0 0.708796875 0.43543055555555554 0.031492187500000005 0.07234722222222223
0 0.719015625 0.5292222222222223 0.0315546875 0.08704166666666667
0 0.7305937499999999 0.6231805555555555 0.0288515625 0.06862499999999999
0 0.7121171875 0.7573749999999999 0.0495 0.061638888888888896
0 0.7366718750000001 0.8871527777777778 0.039125 0.07363888888888889
0 0.749046875 0.8190972222222223 0.03 0.09929166666666665
0 0.7215625 0.9635 0.048890625 0.07300000000000001
0 0.754890625 0.9484027777777778 0.024515625 0.07890277777777778
0 0.4418125 0.9266249999999999 0.031117187499999997 0.05604166666666667
0 0.397890625 0.9118194444444444 0.046406249999999996 0.08919444444444444
0 0.62071875 0.33190277777777777 0.0211640625 0.02647222222222222
0 0.6027578124999999 0.9314444444444444 0.0415703125 0.07433333333333333
0 0.37219531250000004 0.9881944444444445 0.028421875000000003 0.023625000000000004
0 0.34249999999999997 0.9840555555555556 0.038796874999999995 0.031875