0 0.341796875 0.17569444444444443 0.02421875 0.03194444444444444
0 0.594828125 0.26969444444444446 0.028796875 0.042055555555555554
0 0.6246484375 0.30595833333333333 0.029484375 0.043888888888888894
0 0.6911640625000001 0.3410138888888889 0.024 0.057902777777777775
0 0.704359375 0.3851944444444444 0.025023437500000002 0.06216666666666666
0 0.7228749999999999 0.5195972222222223 0.027773437499999998 0.06643055555555555
0 0.7251015625 0.5820694444444444 0.028109375 0.08776388888888889
0 0.7364140625 0.7012222222222222 0.0322265625 0.06522222222222222
0 0.73384375 0.7719166666666666 0.0332578125 0.08349999999999999
0 0.7509921875 0.8264722222222222 0.0318828125 0.08166666666666667
0 0.7132734375 0.8151944444444446 0.035312500000000004 0.09690277777777777
0 0.682765625 0.9303888888888889 0.034625 0.08959722222222223
0 0.7259609375 0.9686944444444445 0.0311953125 0.06259722222222222
0 0.7540703125 0.9508055555555556 0.040109375 0.06461111111111112
0 0.7552734375 0.9942916666666667 0.024 0.011402777777777779
0 0.44603125 0.935875 0.0336015625 0.04693055555555555
0 0.3911796875 0.9790555555555555 0.052109375 0.041874999999999996
0 0.42357812499999997 0.9921666666666666 0.040109375 0.015666666666666666