0 0.34228125 0.17470833333333335 0.023125 0.03083333333333333
0 0.6207890625 0.32104166666666667 0.031890625 0.03788888888888889
0 0.7088984375 0.43379166666666663 0.03353125 0.07245833333333333
0 0.7039921875 0.3821666666666667 0.024734375 0.059472222222222225
0 0.692390625 0.2982638888888889 0.0230234375 0.06852777777777778
0 0.72475 0.5812916666666667 0.029867187499999996 0.08959722222222223
0 0.7361171875 0.6461805555555555 0.0325390625 0.07445833333333333
0 0.7137421875000001 0.7556666666666667 0.043515625 0.06570833333333334
0 0.712984375 0.8142638888888889 0.037093749999999995 0.0955
0 0.7493203125 0.8195555555555556 0.0293203125 0.09506944444444444
0 0.7560781249999999 0.9577361111111112 0.026039062499999998 0.06073611111111111
0 0.723859375 0.9637638888888889 0.0444453125 0.07247222222222222
0 0.6403203125 0.9415833333333334 0.062265625000000005 0.067
0 0.446171875 0.9351527777777777 0.0357890625 0.049833333333333334
0 0.39353125 0.9791805555555555 0.048765625 0.04163888888888889
0 0.4258671875 0.992875 0.037093749999999995 0.01423611111111111
0 0.5497265625 0.152625 0.0271015625 0.034958333333333334
0 0.61890625 0.22554166666666664 0.0273828125 0.06483333333333333
0 0.5417421874999999 0.9781111111111112 0.044351562500000004 0.043791666666666666