0 0.34228125 0.17470833333333335 0.023125 0.03083333333333333
0 0.5586484375 0.22926388888888888 0.020546875 0.05248611111111111
0 0.6231171875 0.3039861111111111 0.027414062500000003 0.035208333333333335
0 0.70165625 0.4153611111111111 0.0323046875 0.06681944444444445
0 0.70359375 0.3836805555555556 0.02553125 0.06251388888888888
0 0.72334375 0.5217916666666667 0.0250546875 0.06808333333333334
0 0.7247890625 0.5795972222222222 0.029867187499999996 0.09206944444444445
0 0.736859375 0.7029861111111111 0.038171875 0.053361111111111116
0 0.73321875 0.7720833333333333 0.0332421875 0.08736111111111111
0 0.712984375 0.8142638888888889 0.037093749999999995 0.0955
0 0.7491640625 0.8195555555555556 0.029625000000000002 0.09506944444444444
0 0.75734375 0.9436111111111111 0.026171875 0.082125
0 0.726234375 0.9637638888888889 0.0332421875 0.07247222222222222
0 0.68203125 0.9288055555555556 0.035890624999999995 0.09679166666666666
0 0.445015625 0.9354444444444444 0.033484375 0.04925
0 0.3909375 0.9791805555555555 0.053953125000000005 0.04163888888888889
0 0.4258671875 0.992875 0.037093749999999995 0.01423611111111111