0 0.341796875 0.17501388888888889 0.021765625 0.02676388888888889
0 0.7020625 0.3824444444444445 0.029375000000000002 0.056666666666666664
0 0.7206015625 0.5197361111111111 0.0363125 0.07444444444444445
0 0.726421875 0.5801805555555556 0.030125000000000002 0.08666666666666667
0 0.7325859375 0.6612916666666666 0.029187499999999998 0.07256944444444445
0 0.7136875 0.7613055555555556 0.040078125 0.0645138888888889
0 0.7128671875 0.8117777777777778 0.0361640625 0.09695833333333334
0 0.63765625 0.9415416666666666 0.0626328125 0.06433333333333334
0 0.7280703125 0.9634722222222223 0.033671875000000004 0.07305555555555555
0 0.44630468749999996 0.9350138888888889 0.0352421875 0.04804166666666667
0 0.39190625 0.9804583333333332 0.0517109375 0.03908333333333333
0 0.4250859375 0.9924166666666666 0.0383671875 0.015055555555555555
0 0.703609375 0.43030555555555555 0.0347109375 0.06241666666666666
0 0.75478125 0.9581527777777777 0.0258515625 0.07125
0 0.6206875000000001 0.3189027777777778 0.038242187500000004 0.036250000000000004
0 0.74925 0.8197361111111111 0.028476562500000004 0.09418055555555556
0 0.5502734375 0.15366666666666667 0.025492187500000003 0.03243055555555556
0 0.6166328125 0.21456944444444445 0.028734375 0.05781944444444445