0 0.34054687499999997 0.1740972222222222 0.0214375 0.02965277777777778
0 0.565125 0.15594444444444444 0.0189296875 0.03815277777777778
0 0.695671875 0.29662499999999997 0.02215625 0.06897222222222221
0 0.7040390624999999 0.3818194444444445 0.027625 0.059680555555555556
0 0.708796875 0.43543055555555554 0.031492187500000005 0.07234722222222223
0 0.719015625 0.5292222222222223 0.0315546875 0.08704166666666667
0 0.730421875 0.6202777777777778 0.0285078125 0.07443055555555556
0 0.7131171875 0.7576527777777777 0.0475 0.06108333333333333
0 0.7366718750000001 0.8871527777777778 0.039125 0.07363888888888889
0 0.749046875 0.8190972222222223 0.03 0.09929166666666665
0 0.7225859375 0.96025 0.0431953125 0.07083333333333333
0 0.754890625 0.9525833333333333 0.024515625 0.07055555555555555
0 0.4410078125 0.9263750000000001 0.031117187499999997 0.057861111111111106
0 0.3976796875 0.9085 0.04653125 0.08340277777777777
0 0.6390703125 0.44522222222222224 0.031171874999999998 0.0815
0 0.30696875 0.9838888888888888 0.06489062500000001 0.03223611111111111
0 0.61909375 0.24183333333333334 0.035414062499999996 0.046375
0 0.3647109375 0.9883333333333334 0.03325 0.023333333333333334