0 0.3420546875 0.1760138888888889 0.022 0.029694444444444443
0 0.703171875 0.3839166666666667 0.027187499999999996 0.060625
0 0.7208125 0.5178611111111111 0.032882812500000004 0.07309722222222223
0 0.7276171875 0.5787638888888889 0.031578125 0.08918055555555554
0 0.7358984375000001 0.6964722222222222 0.0313671875 0.07654166666666666
0 0.7327656250000001 0.775638888888889 0.0361796875 0.08026388888888888
0 0.6815781249999999 0.9295833333333333 0.036601562500000004 0.08483333333333333
0 0.7202421875 0.8604027777777777 0.035312500000000004 0.09379166666666666
0 0.7486953125 0.9878055555555556 0.035515625 0.024388888888888887
0 0.3904453125 0.9808055555555555 0.0530859375 0.038375
0 0.4454140625 0.9364722222222223 0.0333828125 0.04758333333333333
0 0.748765625 0.8817222222222223 0.0344296875 0.07431944444444444
0 0.7341484375 0.9645277777777779 0.0465703125 0.07094444444444445
0 0.561296875 0.38111111111111107 0.0276015625 0.08663888888888889