0 0.341125 0.17358333333333334 0.021601562499999998 0.03113888888888889
0 0.56471875 0.15722222222222224 0.01959375 0.04063888888888889
0 0.6316796874999999 0.2854583333333333 0.0263359375 0.05470833333333333
0 0.7040390624999999 0.3818194444444445 0.027625 0.059680555555555556
0 0.708796875 0.43543055555555554 0.031492187500000005 0.07234722222222223
0 0.719015625 0.5292222222222223 0.0315546875 0.08704166666666667
0 0.730421875 0.6202777777777778 0.0285078125 0.07443055555555556
0 0.71178125 0.7576527777777777 0.0501953125 0.06108333333333333
0 0.7366718750000001 0.8871527777777778 0.039125 0.07363888888888889
0 0.749046875 0.8190972222222223 0.03 0.09929166666666665
0 0.7399843749999999 0.987763888888889 0.0360546875 0.024458333333333332
0 0.754515625 0.9525138888888888 0.025265625000000003 0.06908333333333333
0 0.44113281249999997 0.9268888888888889 0.0313671875 0.05683333333333333
0 0.40014843750000006 0.9054305555555555 0.040054687500000005 0.08956944444444444
0 0.6373046875 0.4460972222222222 0.0333984375 0.07748611111111112
0 0.6769999999999999 0.20048611111111111 0.0240390625 0.05106944444444445
0 0.31150781250000004 0.9817777777777777 0.0473984375 0.036430555555555556