0 0.3421953125 0.17502777777777778 0.0255546875 0.02761111111111111
0 0.5710625 0.25169444444444444 0.0260625 0.04840277777777778
0 0.625359375 0.3059861111111111 0.030906250000000003 0.04119444444444444
0 0.6929296875000001 0.3815555555555556 0.027859375 0.06688888888888889
0 0.70340625 0.38263888888888886 0.0245546875 0.0635
0 0.72421875 0.5195000000000001 0.0250546875 0.06547222222222222
0 0.7253515625 0.5805138888888889 0.0288046875 0.09129166666666667
0 0.7362421875 0.6969722222222222 0.0325625 0.07215277777777779
0 0.7339921875 0.7722361111111111 0.0345703125 0.08906944444444444
0 0.7128203125 0.8143194444444444 0.0363203125 0.09397222222222222
0 0.7492656249999999 0.8230416666666667 0.0284609375 0.09425
0 0.6827890625 0.9271527777777777 0.0373046875 0.0953888888888889
0 0.7259765625 0.9642777777777778 0.0340703125 0.07144444444444444
0 0.7578046875 0.9416111111111112 0.024703125 0.08108333333333334
0 0.44540625 0.9347916666666666 0.0340703125 0.049874999999999996
0 0.390671875 0.979638888888889 0.053359375 0.04072222222222222
0 0.4256171875 0.9921111111111112 0.0360703125 0.015777777777777776