0 0.34054687499999997 0.1740972222222222 0.0214375 0.02965277777777778
0 0.5650546875 0.1565 0.0193671875 0.037875
0 0.6333125 0.2851388888888889 0.025671875 0.056263888888888884
0 0.7040390624999999 0.3818194444444445 0.027625 0.059680555555555556
0 0.708796875 0.43543055555555554 0.031492187500000005 0.07234722222222223
0 0.719015625 0.5292222222222223 0.0315546875 0.08704166666666667
0 0.730421875 0.6202777777777778 0.0285078125 0.07443055555555556
0 0.711375 0.7576527777777777 0.050992187499999994 0.06108333333333333
0 0.7366718750000001 0.8871527777777778 0.039125 0.07363888888888889
0 0.749046875 0.8190972222222223 0.03 0.09929166666666665
0 0.7413046875 0.9775555555555556 0.030234375 0.044875000000000005
0 0.75334375 0.9525138888888888 0.027609375000000002 0.06908333333333333
0 0.44121875 0.9251250000000001 0.031546875 0.060347222222222226
0 0.3997421875 0.9054305555555555 0.040859374999999996 0.08956944444444444
0 0.6394765625 0.4454444444444445 0.030421874999999998 0.07995833333333334
0 0.6910859375 0.2497083333333333 0.020867187500000002 0.05741666666666667
0 0.3169921875 0.9830277777777777 0.0439765625 0.03395833333333333