0 0.3420546875 0.1760138888888889 0.022 0.029694444444444443
0 0.6026953125000001 0.4535277777777778 0.0481953125 0.051680555555555556
0 0.703171875 0.3839166666666667 0.027187499999999996 0.060625
0 0.6738046875 0.34952777777777777 0.0200078125 0.041916666666666665
0 0.7208125 0.5178611111111111 0.032882812500000004 0.07309722222222223
0 0.7276171875 0.5787638888888889 0.031578125 0.08918055555555554
0 0.735703125 0.7012916666666666 0.0309765625 0.08616666666666667
0 0.7353515625 0.7740694444444445 0.033937499999999995 0.09280555555555554
0 0.681265625 0.9345833333333333 0.0370078125 0.07736111111111112
0 0.7199921875 0.8623611111111111 0.0364296875 0.08804166666666667
0 0.749859375 0.9912361111111112 0.038242187500000004 0.017541666666666667
0 0.39339843750000003 0.9781805555555555 0.04634375 0.043638888888888894
0 0.44475781249999996 0.9341666666666667 0.033703125 0.050402777777777776
0 0.7521796875 0.8846249999999999 0.030929687500000004 0.08180555555555555
0 0.7379765625 0.9604583333333333 0.054867187500000004 0.06477777777777778