0 0.3420546875 0.1760138888888889 0.022 0.029694444444444443
0 0.703171875 0.3839166666666667 0.027187499999999996 0.060625
0 0.6757421875 0.3501527777777778 0.0171171875 0.04236111111111111
0 0.7208125 0.5178611111111111 0.032882812500000004 0.07309722222222223
0 0.7276171875 0.5787638888888889 0.031578125 0.08918055555555554
0 0.735703125 0.7012916666666666 0.0309765625 0.08616666666666667
0 0.7335 0.7740694444444445 0.0376484375 0.09280555555555554
0 0.6806640625 0.9320277777777777 0.036601562500000004 0.07994444444444444
0 0.7204531249999999 0.8596666666666667 0.0361328125 0.09922222222222223
0 0.7488515625 0.9875972222222222 0.03621875 0.024805555555555556
0 0.3904453125 0.9808055555555555 0.0530859375 0.038375
0 0.44475781249999996 0.9369861111111111 0.033703125 0.050402777777777776
0 0.7514062499999999 0.8869722222222223 0.029148437500000002 0.08481944444444445
0 0.7340312499999999 0.9682222222222222 0.0438984375 0.06354166666666666
0 0.5554609375 0.4005 0.03265625 0.07486111111111111