0 0.3413515625 0.17272222222222222 0.0229921875 0.030888888888888886
0 0.6193984375 0.330875 0.0211796875 0.024388888888888887
0 0.7102578125 0.43815277777777784 0.0335859375 0.06801388888888889
0 0.7040625 0.3788611111111111 0.024875 0.0615
0 0.6953828125 0.29431944444444447 0.024359375 0.07223611111111111
0 0.7193984375 0.5308194444444444 0.032609375 0.08366666666666667
0 0.7307578125 0.6213472222222223 0.028445312499999997 0.07416666666666666
0 0.7131953125 0.7564166666666666 0.0459765625 0.06168055555555555
0 0.7381328125 0.8875833333333333 0.0403984375 0.0765138888888889
0 0.7493203125 0.8174166666666666 0.0293203125 0.09933333333333333
0 0.756046875 0.9549166666666666 0.025984374999999997 0.06556944444444444
0 0.7213437500000001 0.9638472222222223 0.04803125 0.07230555555555555
0 0.6463125 0.6835972222222222 0.032890625 0.09406944444444446
0 0.4413359375 0.9269861111111111 0.030828125 0.059847222222222225
0 0.3838828125 0.9772222222222222 0.03359375 0.04554166666666667
0 0.5650937500000001 0.15530555555555556 0.0205703125 0.04172222222222222
0 0.6161328125 0.24056944444444445 0.0406875 0.04575
0 0.39915625 0.9093472222222222 0.047796875 0.08374999999999999
0 0.31303125 0.9787083333333333 0.060046875 0.042583333333333334