0 0.34181249999999996 0.17358333333333334 0.0214140625 0.026555555555555558
0 0.606546875 0.2835416666666667 0.022257812499999998 0.043083333333333335
0 0.6251484375 0.30333333333333334 0.0284609375 0.03856944444444444
0 0.6823515625 0.28029166666666666 0.0273359375 0.05259722222222222
0 0.703484375 0.38373611111111117 0.024515625 0.059111111111111114
0 0.7229296875 0.52175 0.025640625 0.064625
0 0.7248984375 0.5808611111111112 0.0284609375 0.09066666666666667
0 0.735609375 0.6983333333333334 0.03071875 0.06913888888888889
0 0.733921875 0.7732222222222223 0.03409375 0.08666666666666667
0 0.7125 0.8143055555555555 0.0352265625 0.09468055555555556
0 0.7485703125 0.8826805555555555 0.0352265625 0.08416666666666667
0 0.6822109375000001 0.9295277777777777 0.0349453125 0.09368055555555556
0 0.7251796875000001 0.9646388888888888 0.03184375 0.07072222222222223
0 0.7489921875000001 0.9699027777777778 0.0276171875 0.060208333333333336
0 0.4452265625 0.9342916666666667 0.03325 0.04909722222222222
0 0.39056250000000003 0.9791666666666666 0.052976562500000005 0.041666666666666664
0 0.42578125 0.9921944444444445 0.0371953125 0.015625