0 0.341796875 0.17501388888888889 0.021765625 0.02676388888888889
0 0.7033125 0.3845833333333333 0.026875 0.06093055555555555
0 0.7206015625 0.5197361111111111 0.0363125 0.07444444444444445
0 0.726421875 0.5801805555555556 0.030125000000000002 0.08666666666666667
0 0.7359609375 0.7031527777777777 0.029703125000000004 0.08509722222222223
0 0.733515625 0.7739166666666667 0.0346953125 0.08277777777777778
0 0.7128671875 0.8117777777777778 0.0361640625 0.09695833333333334
0 0.6809921875 0.9261805555555556 0.035703125 0.09677777777777778
0 0.7323046875 0.9651388888888889 0.047796875 0.06972222222222223
0 0.44630468749999996 0.9350138888888889 0.0352421875 0.04804166666666667
0 0.39190625 0.9804583333333332 0.0517109375 0.03908333333333333
0 0.4242265625 0.9929722222222223 0.034585937500000004 0.014055555555555554
0 0.5593281250000001 0.2346111111111111 0.020710937500000002 0.051680555555555556
0 0.7492421874999999 0.9848750000000001 0.0371484375 0.030250000000000003
0 0.5841484375 0.26125 0.0185390625 0.04052777777777778
0 0.7480703125 0.8846666666666667 0.0383671875 0.08313888888888889