0 0.341796875 0.17501388888888889 0.021765625 0.02676388888888889
0 0.7033125 0.3845833333333333 0.026875 0.06093055555555555
0 0.550359375 0.34554166666666664 0.0265546875 0.05111111111111111
0 0.7206015625 0.5197361111111111 0.0363125 0.07444444444444445
0 0.726421875 0.5801805555555556 0.030125000000000002 0.08666666666666667
0 0.7359609375 0.7031527777777777 0.029703125000000004 0.08509722222222223
0 0.733515625 0.7739166666666667 0.0346953125 0.08277777777777778
0 0.7493203125 0.8859166666666667 0.032546874999999996 0.08786111111111111
0 0.7148125000000001 0.8639027777777778 0.0438515625 0.10604166666666666
0 0.6809921875 0.934138888888889 0.035703125 0.0808611111111111
0 0.7399218750000001 0.9646944444444445 0.05307031250000001 0.057805555555555554
0 0.7501015625 0.9894305555555556 0.0357890625 0.02113888888888889
0 0.4457890625 0.9362361111111112 0.0342109375 0.04559722222222222
0 0.39190625 0.9804583333333332 0.0517109375 0.03908333333333333
0 0.6093828125 0.3435694444444444 0.0238515625 0.03793055555555555