0 0.34054687499999997 0.1740972222222222 0.0214375 0.02965277777777778
0 0.56840625 0.16536111111111113 0.018421874999999997 0.03665277777777778
0 0.6308046875 0.28465277777777775 0.0261328125 0.05506944444444444
0 0.6765 0.20095833333333332 0.0235 0.05402777777777778
0 0.7040390624999999 0.3818194444444445 0.027625 0.059680555555555556
0 0.708796875 0.43543055555555554 0.031492187500000005 0.07234722222222223
0 0.719015625 0.5292222222222223 0.0315546875 0.08704166666666667
0 0.7305937499999999 0.6231805555555555 0.0288515625 0.06862499999999999
0 0.7121171875 0.7573749999999999 0.0495 0.061638888888888896
0 0.7366718750000001 0.8871527777777778 0.039125 0.07363888888888889
0 0.749046875 0.8190972222222223 0.03 0.09929166666666665
0 0.74059375 0.9874861111111112 0.037351562500000005 0.025027777777777777
0 0.754890625 0.9484027777777778 0.024515625 0.07890277777777778
0 0.4410078125 0.9271388888888888 0.031117187499999997 0.057861111111111106
0 0.40033593749999996 0.9044166666666666 0.0428828125 0.09255555555555556
0 0.6378828125 0.44611111111111107 0.0354921875 0.08379166666666667
0 0.310859375 0.9807638888888889 0.053054687499999996 0.03847222222222222