0 0.34228125 0.17470833333333335 0.023125 0.03083333333333333
0 0.6039609375 0.2739027777777778 0.0316171875 0.041430555555555554
0 0.6249453125 0.30318055555555556 0.031070312500000002 0.03597222222222222
0 0.6874140625 0.3285138888888889 0.02553125 0.05695833333333333
0 0.70359375 0.3836805555555556 0.02553125 0.06251388888888888
0 0.72334375 0.5217916666666667 0.0250546875 0.06808333333333334
0 0.7247890625 0.5795972222222222 0.029867187499999996 0.09206944444444445
0 0.73575 0.7012083333333333 0.031070312500000002 0.066375
0 0.73321875 0.7720833333333333 0.0332421875 0.08736111111111111
0 0.712984375 0.8142638888888889 0.037093749999999995 0.0955
0 0.7506875 0.8487361111111111 0.029625000000000002 0.09506944444444444
0 0.756703125 0.9470138888888889 0.027218750000000003 0.0775138888888889
0 0.726234375 0.9637638888888889 0.0332421875 0.07247222222222222
0 0.68203125 0.9313750000000001 0.035890624999999995 0.0916388888888889
0 0.445015625 0.9354444444444444 0.033484375 0.04925
0 0.3909375 0.9791805555555555 0.053953125000000005 0.04163888888888889
0 0.4258671875 0.992875 0.037093749999999995 0.01423611111111111