0 0.3420546875 0.1760138888888889 0.022 0.029694444444444443
0 0.703171875 0.3839166666666667 0.027187499999999996 0.060625
0 0.67559375 0.34019444444444447 0.0177265625 0.04851388888888889
0 0.7208125 0.5178611111111111 0.032882812500000004 0.07309722222222223
0 0.7276171875 0.5787638888888889 0.031578125 0.08918055555555554
0 0.7358984375000001 0.6964722222222222 0.0313671875 0.07654166666666666
0 0.7327656250000001 0.775638888888889 0.0361796875 0.08026388888888888
0 0.6806640625 0.9320277777777777 0.036601562500000004 0.07994444444444444
0 0.7203203125 0.8603888888888889 0.0332734375 0.09922222222222223
0 0.7483906250000001 0.9883055555555557 0.0352890625 0.023374999999999996
0 0.3904453125 0.9808055555555555 0.0530859375 0.038375
0 0.4454140625 0.9364722222222223 0.0333828125 0.04758333333333333
0 0.7514062499999999 0.8869722222222223 0.029148437500000002 0.08481944444444445
0 0.7340312499999999 0.9661527777777777 0.04634375 0.06768055555555555
0 0.55528125 0.39741666666666664 0.0297109375 0.07740277777777778