0 0.3415 0.17366666666666666 0.02334375 0.030500000000000003
0 0.5635625 0.14672222222222223 0.0259296875 0.03438888888888889
0 0.615984375 0.24152777777777779 0.041171875000000004 0.045861111111111116
0 0.6958984375 0.29694444444444446 0.0214375 0.06815277777777778
0 0.7040390624999999 0.3818194444444445 0.027625 0.059680555555555556
0 0.708796875 0.43543055555555554 0.031492187500000005 0.07234722222222223
0 0.719015625 0.5292222222222223 0.0315546875 0.08704166666666667
0 0.7305937499999999 0.6231805555555555 0.0288515625 0.06862499999999999
0 0.7149140625 0.7568472222222221 0.04390625 0.06270833333333334
0 0.7153515625 0.8290416666666667 0.04634375 0.06998611111111111
0 0.749046875 0.8190972222222223 0.03 0.09929166666666665
0 0.7224140625000001 0.9635 0.047195312499999996 0.07300000000000001
0 0.754890625 0.9484027777777778 0.024515625 0.07890277777777778
0 0.44290624999999995 0.9302083333333333 0.0333125 0.051791666666666666
0 0.39234375 0.9822083333333335 0.06401562499999999 0.03559722222222222
0 0.620734375 0.33093055555555556 0.0224609375 0.028430555555555553
0 0.648609375 0.9433194444444445 0.0487734375 0.06502777777777778