0 0.341796875 0.17501388888888889 0.021765625 0.02676388888888889
0 0.7020625 0.3785277777777778 0.029375000000000002 0.048833333333333326
0 0.7206015625 0.5197361111111111 0.0363125 0.07444444444444445
0 0.726421875 0.5801805555555556 0.030125000000000002 0.08666666666666667
0 0.737484375 0.7000138888888888 0.0370234375 0.06125
0 0.733515625 0.7739166666666667 0.0346953125 0.08277777777777778
0 0.7128671875 0.8117777777777778 0.0361640625 0.09695833333333334
0 0.6815078125 0.926513888888889 0.034671875000000005 0.09609722222222222
0 0.726359375 0.9634722222222223 0.03671875 0.07305555555555555
0 0.44630468749999996 0.9350138888888889 0.0352421875 0.04804166666666667
0 0.39190625 0.9804583333333332 0.0517109375 0.03908333333333333
0 0.4263828125 0.9937638888888889 0.0347421875 0.011708333333333333
0 0.7081796875 0.43470833333333336 0.0328046875 0.07122222222222223
0 0.75771875 0.9459722222222222 0.0258515625 0.07125
0 0.6168046875 0.3288888888888889 0.027390625000000002 0.03334722222222222
0 0.74925 0.8219166666666666 0.028476562500000004 0.08983333333333335
0 0.547375 0.15531944444444445 0.0212890625 0.031194444444444445