0 0.341796875 0.17501388888888889 0.021765625 0.02676388888888889
0 0.7020625 0.3824444444444445 0.029375000000000002 0.056666666666666664
0 0.7243828125 0.520888888888889 0.028234375 0.0675
0 0.726421875 0.5801805555555556 0.030125000000000002 0.08666666666666667
0 0.737484375 0.7000138888888888 0.0370234375 0.06125
0 0.733515625 0.7739166666666667 0.0346953125 0.08277777777777778
0 0.7128671875 0.8117777777777778 0.0361640625 0.09695833333333334
0 0.6786484374999999 0.9348333333333334 0.040390625 0.07947222222222222
0 0.7280703125 0.9634722222222223 0.033671875000000004 0.07305555555555555
0 0.44630468749999996 0.9350138888888889 0.0352421875 0.04804166666666667
0 0.39190625 0.9804583333333332 0.0517109375 0.03908333333333333
0 0.42472656249999996 0.992875 0.0374375 0.013486111111111112
0 0.708296875 0.43633333333333335 0.032109375 0.07445833333333333
0 0.75771875 0.9459722222222222 0.0258515625 0.07125
0 0.6176640625 0.32690277777777776 0.0275546875 0.034944444444444445
0 0.74925 0.8219166666666666 0.028476562500000004 0.08983333333333335
0 0.549421875 0.1535 0.021703125 0.03144444444444445