0 0.3420546875 0.1760138888888889 0.022 0.029694444444444443
0 0.703171875 0.3839166666666667 0.027187499999999996 0.060625
0 0.7208125 0.5178611111111111 0.032882812500000004 0.07309722222222223
0 0.7247890625 0.5821111111111111 0.031578125 0.08918055555555554
0 0.7358984375000001 0.6964722222222222 0.0313671875 0.07654166666666666
0 0.7327656250000001 0.775638888888889 0.0361796875 0.08026388888888888
0 0.6776171875 0.9465 0.034265625 0.07877777777777778
0 0.7209609375 0.825 0.03203125 0.098
0 0.7486953125 0.9878055555555556 0.035515625 0.024388888888888887
0 0.3938671875 0.9808055555555555 0.0462421875 0.038375
0 0.4454140625 0.9364722222222223 0.0333828125 0.04758333333333333
0 0.7509140624999999 0.8850833333333333 0.0316953125 0.08376388888888889
0 0.7341484375 0.9645277777777779 0.0465703125 0.07094444444444445
0 0.5506328125 0.35673611111111114 0.019546875 0.034625
0 0.5931171875000001 0.2769583333333333 0.02434375 0.07194444444444444