0 0.341796875 0.17501388888888889 0.021765625 0.02676388888888889
0 0.7020625 0.3785277777777778 0.029375000000000002 0.048833333333333326
0 0.7206015625 0.5197361111111111 0.0363125 0.07444444444444445
0 0.726421875 0.5801805555555556 0.030125000000000002 0.08666666666666667
0 0.737140625 0.7039861111111111 0.0377109375 0.05330555555555556
0 0.733515625 0.7739166666666667 0.0346953125 0.08277777777777778
0 0.7128671875 0.8117777777777778 0.0361640625 0.09695833333333334
0 0.6809921875 0.934138888888889 0.035703125 0.0808611111111111
0 0.7280703125 0.9634722222222223 0.033671875000000004 0.07305555555555555
0 0.44630468749999996 0.9350138888888889 0.0352421875 0.04804166666666667
0 0.39190625 0.9804583333333332 0.0517109375 0.03908333333333333
0 0.4238515625 0.9930277777777778 0.0376875 0.013930555555555555
0 0.703609375 0.43030555555555555 0.0347109375 0.06241666666666666
0 0.553265625 0.20422222222222222 0.0185546875 0.04954166666666667
0 0.75771875 0.9459722222222222 0.0258515625 0.07125
0 0.6255234375 0.31044444444444447 0.0314140625 0.050152777777777775
0 0.74925 0.8219166666666666 0.028476562500000004 0.08983333333333335