0 0.34054687499999997 0.1740972222222222 0.0214375 0.02965277777777778
0 0.5650546875 0.1565 0.0193671875 0.037875
0 0.632734375 0.28475 0.027140625 0.05509722222222223
0 0.7040390624999999 0.3818194444444445 0.027625 0.059680555555555556
0 0.708796875 0.43543055555555554 0.031492187500000005 0.07234722222222223
0 0.719015625 0.5292222222222223 0.0315546875 0.08704166666666667
0 0.730421875 0.6202777777777778 0.0285078125 0.07443055555555556
0 0.711375 0.7576527777777777 0.050992187499999994 0.06108333333333333
0 0.7366718750000001 0.8871527777777778 0.039125 0.07363888888888889
0 0.749046875 0.8190972222222223 0.03 0.09929166666666665
0 0.726109375 0.9618611111111111 0.03775 0.07629166666666666
0 0.754890625 0.9525833333333333 0.024515625 0.07055555555555555
0 0.44121875 0.9237361111111112 0.031546875 0.06313888888888888
0 0.3997421875 0.9054305555555555 0.040859374999999996 0.08956944444444444
0 0.6394765625 0.4437361111111111 0.030421874999999998 0.083375
0 0.695921875 0.297875 0.021921875 0.06538888888888889
0 0.308234375 0.9839027777777777 0.061492187499999997 0.03219444444444444