0 0.3421953125 0.17502777777777778 0.0255546875 0.02761111111111111
0 0.6054765625 0.28368055555555555 0.022046875 0.04097222222222222
0 0.624640625 0.3023888888888889 0.029312500000000002 0.03740277777777778
0 0.6821328125 0.27945833333333336 0.0290625 0.052111111111111115
0 0.7041796875 0.3841111111111111 0.0255546875 0.06190277777777778
0 0.72421875 0.5195000000000001 0.0250546875 0.06547222222222222
0 0.7253515625 0.5805138888888889 0.0288046875 0.09129166666666667
0 0.7362421875 0.6969722222222222 0.0325625 0.07215277777777779
0 0.7339921875 0.7722361111111111 0.0345703125 0.08906944444444444
0 0.7128203125 0.8143194444444444 0.0363203125 0.09397222222222222
0 0.7483984375 0.8837916666666668 0.0358203125 0.08684722222222223
0 0.6818828124999999 0.9294444444444445 0.037078125 0.09084722222222222
0 0.7259765625 0.9642777777777778 0.0340703125 0.07144444444444444
0 0.7562890624999999 0.9656111111111111 0.0265546875 0.06877777777777778
0 0.44540625 0.9347916666666666 0.0340703125 0.049874999999999996
0 0.390671875 0.979638888888889 0.053359375 0.04072222222222222
0 0.4256171875 0.9921111111111112 0.0360703125 0.015777777777777776