0 0.34054687499999997 0.1740972222222222 0.0214375 0.02965277777777778
0 0.565125 0.15594444444444444 0.0189296875 0.03815277777777778
0 0.6189375 0.3327361111111111 0.0203359375 0.023500000000000004
0 0.695671875 0.29662499999999997 0.02215625 0.06897222222222221
0 0.7040390624999999 0.3818194444444445 0.027625 0.059680555555555556
0 0.708796875 0.43543055555555554 0.031492187500000005 0.07234722222222223
0 0.719015625 0.5292222222222223 0.0315546875 0.08704166666666667
0 0.730421875 0.6202777777777778 0.0285078125 0.07443055555555556
0 0.7143828125 0.7573749999999999 0.04496875 0.061638888888888896
0 0.7366718750000001 0.8871527777777778 0.039125 0.07363888888888889
0 0.749046875 0.8190972222222223 0.03 0.09929166666666665
0 0.7210546875 0.9626388888888889 0.0462578125 0.07470833333333333
0 0.754890625 0.9484027777777778 0.024515625 0.07890277777777778
0 0.4410078125 0.9263750000000001 0.031117187499999997 0.057861111111111106
0 0.39851562500000004 0.909 0.04653125 0.08340277777777777
0 0.6556328125 0.6653472222222222 0.0315859375 0.10409722222222223
0 0.311296875 0.9814722222222222 0.0601796875 0.037069444444444447
0 0.6165703125 0.241875 0.040234375 0.045222222222222226
0 0.383578125 0.9777222222222223 0.0318671875 0.04455555555555556