0 0.3399375 0.17415277777777777 0.021156249999999998 0.030083333333333333
0 0.56515625 0.15740277777777778 0.020015625000000002 0.03801388888888889
0 0.6308515625 0.28391666666666665 0.028195312500000003 0.058236111111111113
0 0.69609375 0.2975277777777778 0.0218359375 0.06697222222222222
0 0.7040390624999999 0.3818194444444445 0.027625 0.059680555555555556
0 0.708796875 0.43543055555555554 0.031492187500000005 0.07234722222222223
0 0.7189687499999999 0.530625 0.031640625 0.08423611111111111
0 0.7306250000000001 0.6234444444444445 0.027625 0.06706944444444445
0 0.7135859375 0.757875 0.0465625 0.06065277777777778
0 0.7359843749999999 0.887763888888889 0.038820312499999995 0.07251388888888889
0 0.749046875 0.8190972222222223 0.03 0.09929166666666665
0 0.7224140625000001 0.9635 0.047195312499999996 0.07300000000000001
0 0.754890625 0.9484027777777778 0.024515625 0.07890277777777778
0 0.4414140625 0.9240694444444445 0.0313125 0.06125
0 0.3982734375 0.907875 0.044101562500000004 0.08426388888888889
0 0.31070312499999997 0.981513888888889 0.055898437499999995 0.03698611111111111
0 0.64 0.4462777777777778 0.0295078125 0.08156944444444444