0 0.34228125 0.17470833333333335 0.023125 0.03083333333333333
0 0.617796875 0.3263611111111111 0.028015625 0.03851388888888889
0 0.7088984375 0.43379166666666663 0.03353125 0.07245833333333333
0 0.7039921875 0.3821666666666667 0.024734375 0.059472222222222225
0 0.723546875 0.521986111111111 0.0290078125 0.07290277777777777
0 0.72475 0.5812916666666667 0.029867187499999996 0.08959722222222223
0 0.738578125 0.69875 0.033945312500000005 0.06945833333333333
0 0.7336328125 0.77225 0.035421875000000005 0.0901111111111111
0 0.712984375 0.8142638888888889 0.037093749999999995 0.0955
0 0.7493203125 0.8195555555555556 0.0293203125 0.09506944444444444
0 0.7585390624999999 0.9442777777777778 0.023929687499999998 0.07512500000000001
0 0.7263203125000001 0.9637638888888889 0.039515625 0.07247222222222222
0 0.6797421875 0.9365833333333333 0.0418515625 0.08201388888888889
0 0.446171875 0.9351527777777777 0.0357890625 0.049833333333333334
0 0.39353125 0.9791805555555555 0.048765625 0.04163888888888889
0 0.4258671875 0.992875 0.037093749999999995 0.01423611111111111
0 0.54796875 0.15325 0.023578125 0.03370833333333333
0 0.6158828125 0.21356944444444445 0.0311875 0.057499999999999996