0 0.34140625 0.17381944444444444 0.0226796875 0.025625
0 0.5565078125 0.20159722222222223 0.0245859375 0.05420833333333334
0 0.6807890624999999 0.3616944444444445 0.021367187500000002 0.051680555555555556
0 0.7047343749999999 0.3847916666666667 0.025609375 0.058972222222222224
0 0.62696875 0.4492361111111111 0.0305 0.07108333333333333
0 0.7220625 0.5210277777777778 0.0309375 0.07519444444444444
0 0.72753125 0.5822222222222222 0.0292578125 0.08245833333333333
0 0.73596875 0.7042916666666666 0.030484375 0.08983333333333335
0 0.7346015625 0.8076527777777778 0.0350390625 0.08248611111111111
0 0.7520234375 0.8848055555555555 0.0301015625 0.08351388888888889
0 0.7203515625 0.8999027777777777 0.0318671875 0.09247222222222222
0 0.6813359375 0.9396805555555556 0.035546875 0.06841666666666667
0 0.7389375 0.9625555555555555 0.053437500000000006 0.04723611111111111
0 0.7492656249999999 0.9925277777777778 0.03415625 0.014958333333333332
0 0.44663281250000003 0.933263888888889 0.032984374999999996 0.04656944444444445
0 0.407734375 0.9581388888888889 0.0370234375 0.08372222222222223
0 0.4492890625 0.9795694444444444 0.0340078125 0.040875