0 0.34054687499999997 0.1740972222222222 0.0214375 0.02965277777777778
0 0.5650546875 0.1565 0.0193671875 0.037875
0 0.6173359375 0.2417222222222222 0.021843750000000002 0.05126388888888889
0 0.7040390624999999 0.3818194444444445 0.027625 0.059680555555555556
0 0.708796875 0.43543055555555554 0.031492187500000005 0.07234722222222223
0 0.719015625 0.5292222222222223 0.0315546875 0.08704166666666667
0 0.730421875 0.6202777777777778 0.0285078125 0.07443055555555556
0 0.711375 0.7576527777777777 0.050992187499999994 0.06108333333333333
0 0.7366718750000001 0.8871527777777778 0.039125 0.07363888888888889
0 0.749046875 0.8190972222222223 0.03 0.09929166666666665
0 0.7226015625 0.9604444444444444 0.0443203125 0.07058333333333333
0 0.754890625 0.9525833333333333 0.024515625 0.07055555555555555
0 0.44106249999999997 0.9255555555555556 0.031234374999999998 0.059500000000000004
0 0.397921875 0.9081944444444444 0.044515624999999996 0.08399999999999999
0 0.6390703125 0.44619444444444445 0.031171874999999998 0.07954166666666668
0 0.695921875 0.297875 0.021921875 0.06538888888888889
0 0.31025 0.9819166666666667 0.057437499999999996 0.036166666666666666
0 0.5411406249999999 0.991125 0.031671875 0.01775
0 0.354328125 0.9919166666666666 0.026992187499999997 0.01615277777777778