0 0.3423984375 0.176625 0.022 0.029694444444444443
0 0.5595625 0.19266666666666665 0.0270703125 0.04859722222222222
0 0.6251484375 0.45175 0.0333203125 0.07815277777777778
0 0.703171875 0.3839166666666667 0.027187499999999996 0.060625
0 0.6817578125 0.36 0.0206015625 0.05527777777777777
0 0.7208125 0.5178611111111111 0.032882812500000004 0.07309722222222223
0 0.7276171875 0.5800416666666667 0.031578125 0.08663888888888889
0 0.735703125 0.7012916666666666 0.0309765625 0.08616666666666667
0 0.7342109375 0.8084166666666666 0.0355390625 0.08441666666666667
0 0.6812265625 0.9335138888888889 0.037265625000000004 0.07765277777777778
0 0.7204843750000001 0.8998888888888888 0.0324375 0.09098611111111111
0 0.750671875 0.9911805555555555 0.039859375 0.017652777777777778
0 0.3889140625 0.974125 0.0370390625 0.05175
0 0.4455 0.9335 0.033703125 0.050402777777777776
0 0.7517578125 0.885 0.031765625 0.08105555555555556
0 0.7391796875 0.9620555555555554 0.0546015625 0.052125000000000005