0 0.34034375 0.17229166666666668 0.021601562499999998 0.03113888888888889
0 0.6309609375 0.2843472222222222 0.0256953125 0.050944444444444445
0 0.7040390624999999 0.3818194444444445 0.027625 0.059680555555555556
0 0.7093828125 0.4343888888888889 0.0326640625 0.07443055555555556
0 0.719015625 0.5292222222222223 0.0315546875 0.08704166666666667
0 0.730421875 0.6202777777777778 0.0285078125 0.07443055555555556
0 0.71178125 0.7576527777777777 0.0501953125 0.06108333333333333
0 0.7366718750000001 0.8871527777777778 0.039125 0.07363888888888889
0 0.749046875 0.8190972222222223 0.03 0.09929166666666665
0 0.7399843749999999 0.987763888888889 0.0360546875 0.024458333333333332
0 0.754515625 0.9525138888888888 0.025265625000000003 0.06908333333333333
0 0.4414140625 0.9290694444444444 0.0319296875 0.05248611111111111
0 0.400265625 0.9044166666666666 0.039828125 0.09159722222222223
0 0.63915625 0.4416388888888889 0.030765625 0.08766666666666666
0 0.676875 0.19972222222222225 0.0240390625 0.05215277777777778
0 0.31525781249999996 0.9762361111111111 0.04534375 0.04751388888888889
0 0.457421875 0.18455555555555556 0.027210937499999997 0.03461111111111111