0 0.3420546875 0.1760138888888889 0.022 0.029694444444444443
0 0.600125 0.3232916666666667 0.0239609375 0.06179166666666667
0 0.703171875 0.3839166666666667 0.027187499999999996 0.060625
0 0.552046875 0.3507777777777778 0.0222734375 0.03940277777777778
0 0.7208125 0.5178611111111111 0.032882812500000004 0.07309722222222223
0 0.7276171875 0.5787638888888889 0.031578125 0.08918055555555554
0 0.735703125 0.7012916666666666 0.0309765625 0.08616666666666667
0 0.733796875 0.7747916666666667 0.035578125 0.0787361111111111
0 0.6818046875 0.9393611111111112 0.03765625 0.08384722222222221
0 0.7213359374999999 0.8496805555555556 0.0328046875 0.08804166666666667
0 0.749703125 0.9867083333333333 0.037921875 0.026583333333333334
0 0.3899609375 0.9800833333333333 0.058374999999999996 0.03981944444444445
0 0.44475781249999996 0.9341666666666667 0.033703125 0.050402777777777776
0 0.7517578125 0.885 0.031765625 0.08105555555555556
0 0.7325234375 0.9658333333333333 0.0455625 0.06834722222222223
0 0.42598437499999997 0.9903055555555556 0.037820312499999995 0.019375