0 0.341796875 0.17501388888888889 0.021765625 0.02676388888888889
0 0.7033125 0.3845833333333333 0.026875 0.06093055555555555
0 0.7206015625 0.5197361111111111 0.0363125 0.07444444444444445
0 0.726421875 0.5801805555555556 0.030125000000000002 0.08666666666666667
0 0.7359609375 0.7031527777777777 0.029703125000000004 0.08509722222222223
0 0.733515625 0.7739166666666667 0.0346953125 0.08277777777777778
0 0.7145859375 0.8198472222222222 0.0419921875 0.09375
0 0.6813828125 0.9271944444444445 0.034921875000000005 0.09475
0 0.7323046875 0.9651388888888889 0.047796875 0.06972222222222223
0 0.4457890625 0.9362361111111112 0.0342109375 0.04559722222222222
0 0.39190625 0.9804583333333332 0.0517109375 0.03908333333333333
0 0.42604687500000005 0.9914305555555556 0.0340625 0.016374999999999997
0 0.64709375 0.2827777777777778 0.01634375 0.029638888888888888
0 0.558203125 0.23448611111111112 0.0121171875 0.026680555555555558
0 0.7492421874999999 0.9848750000000001 0.0371484375 0.030250000000000003
0 0.5841484375 0.26125 0.0185390625 0.04052777777777778
0 0.7480703125 0.8846666666666667 0.0383671875 0.08313888888888889