0 0.34080468750000004 0.1715 0.021890625 0.03230555555555556
0 0.62275 0.3212083333333334 0.0331328125 0.035333333333333335
0 0.7102578125 0.43815277777777784 0.0335859375 0.06801388888888889
0 0.7040625 0.3788611111111111 0.024875 0.0615
0 0.6953828125 0.29431944444444447 0.024359375 0.07223611111111111
0 0.7246484375 0.5817083333333333 0.0300703125 0.08881944444444445
0 0.73375 0.6271388888888889 0.0268125 0.08511111111111111
0 0.7132890625 0.7564166666666666 0.0457890625 0.06168055555555555
0 0.7128046875 0.8158749999999999 0.0374453125 0.09225
0 0.7493203125 0.8174166666666666 0.0293203125 0.09933333333333333
0 0.756046875 0.957763888888889 0.025984374999999997 0.05988888888888889
0 0.7239765625000001 0.9638472222222223 0.0427734375 0.07230555555555555
0 0.640765625 0.9424305555555554 0.058625000000000003 0.06659722222222222
0 0.439671875 0.9299444444444444 0.029398437500000003 0.058152777777777775
0 0.39353125 0.9791805555555555 0.048765625 0.04163888888888889
0 0.5496953125 0.15431944444444445 0.0271015625 0.034958333333333334
0 0.612125 0.23469444444444443 0.03578125 0.042375