0 0.3411484375 0.1723611111111111 0.022578124999999998 0.031625
0 0.621390625 0.3349722222222222 0.020109375 0.02201388888888889
0 0.7102578125 0.43815277777777784 0.0335859375 0.06801388888888889
0 0.7040625 0.3788611111111111 0.024875 0.0615
0 0.6965546875 0.2964861111111111 0.02396875 0.07068055555555555
0 0.7193359375 0.5311388888888889 0.0313125 0.08323611111111111
0 0.7301484375 0.6209583333333333 0.028328125 0.07584722222222222
0 0.711765625 0.7562222222222222 0.048828125 0.060097222222222225
0 0.7364453125 0.8880833333333332 0.0395234375 0.07648611111111112
0 0.7493203125 0.8174166666666666 0.0293203125 0.09933333333333333
0 0.756046875 0.9549166666666666 0.025984374999999997 0.06556944444444444
0 0.7243515625 0.9622361111111111 0.042015625 0.07551388888888888
0 0.637546875 0.4588194444444445 0.02690625 0.08945833333333333
0 0.4409375 0.9263611111111112 0.0300390625 0.061097222222222226
0 0.38610937500000003 0.9814027777777778 0.0350390625 0.03719444444444445
0 0.565171875 0.15634722222222222 0.0215390625 0.038375
0 0.6163046875 0.24095833333333336 0.040031250000000004 0.042375
0 0.3981875 0.9086666666666667 0.0465390625 0.08388888888888889
0 0.3068671875 0.9822500000000001 0.06789843749999999 0.0355