0 0.3421953125 0.17502777777777778 0.0255546875 0.02761111111111111
0 0.5928203125 0.26929166666666665 0.0304921875 0.04655555555555556
0 0.625359375 0.3059861111111111 0.030906250000000003 0.04119444444444444
0 0.6909765625000001 0.34195833333333336 0.026039062499999998 0.05994444444444444
0 0.70340625 0.38263888888888886 0.0245546875 0.0635
0 0.72421875 0.5195000000000001 0.0250546875 0.06547222222222222
0 0.7253515625 0.5805138888888889 0.0288046875 0.09129166666666667
0 0.7362421875 0.6969722222222222 0.0325625 0.07215277777777779
0 0.7339921875 0.7722361111111111 0.0345703125 0.08906944444444444
0 0.7128203125 0.8143194444444444 0.0363203125 0.09397222222222222
0 0.7506015625 0.82725 0.031140624999999998 0.08583333333333333
0 0.6831796875 0.9299305555555555 0.0365234375 0.08983333333333335
0 0.7259765625 0.9642777777777778 0.0340703125 0.07144444444444444
0 0.75296875 0.9467361111111111 0.0438515625 0.07595833333333334
0 0.44540625 0.9347916666666666 0.0340703125 0.049874999999999996
0 0.390671875 0.979638888888889 0.053359375 0.04072222222222222
0 0.4256171875 0.9921111111111112 0.0360703125 0.015777777777777776