0 0.34054687499999997 0.1740972222222222 0.0214375 0.02965277777777778
0 0.5703984375 0.1628888888888889 0.018046875 0.03352777777777778
0 0.6309296875 0.28504166666666664 0.025734374999999997 0.05283333333333333
0 0.7040390624999999 0.3818194444444445 0.027625 0.059680555555555556
0 0.708796875 0.43543055555555554 0.031492187500000005 0.07234722222222223
0 0.719015625 0.5292222222222223 0.0315546875 0.08704166666666667
0 0.730421875 0.6202777777777778 0.0285078125 0.07443055555555556
0 0.7121640625000001 0.7576527777777777 0.049421875 0.06108333333333333
0 0.7366718750000001 0.8871527777777778 0.039125 0.07363888888888889
0 0.749046875 0.8190972222222223 0.03 0.09929166666666665
0 0.7399843749999999 0.987 0.0360546875 0.025986111111111113
0 0.754515625 0.9525138888888888 0.025265625000000003 0.06908333333333333
0 0.4413203125 0.9268333333333334 0.03175 0.05694444444444444
0 0.3997421875 0.9054305555555555 0.040859374999999996 0.08956944444444444
0 0.6395390625 0.44429166666666664 0.028914062499999997 0.08109722222222222
0 0.6767265625000001 0.20056944444444444 0.022132812499999998 0.051861111111111115
0 0.31140625 0.9821805555555555 0.047617187500000005 0.03563888888888889