0 0.34228125 0.17470833333333335 0.023125 0.03083333333333333
0 0.6229921875 0.32008333333333333 0.027546875 0.03958333333333333
0 0.7090390625 0.43459722222222225 0.0338203125 0.07406944444444444
0 0.7039921875 0.3821666666666667 0.024734375 0.059472222222222225
0 0.72334375 0.5217916666666667 0.0250546875 0.06808333333333334
0 0.72475 0.5800555555555555 0.029867187499999996 0.09206944444444445
0 0.7366015625 0.6987083333333334 0.038343749999999996 0.06127777777777777
0 0.73321875 0.7720833333333333 0.0332421875 0.08736111111111111
0 0.712984375 0.8142638888888889 0.037093749999999995 0.0955
0 0.7493203125 0.8195555555555556 0.0293203125 0.09506944444444444
0 0.7585390624999999 0.9442777777777778 0.023929687499999998 0.07512500000000001
0 0.72784375 0.9637638888888889 0.03646875 0.07247222222222222
0 0.6818671875 0.9273611111111112 0.0362109375 0.09701388888888889
0 0.446171875 0.9351527777777777 0.0357890625 0.049833333333333334
0 0.39353125 0.9791805555555555 0.048765625 0.04163888888888889
0 0.4258671875 0.992875 0.037093749999999995 0.01423611111111111
0 0.540578125 0.15456944444444445 0.007703125 0.024333333333333332
0 0.547171875 0.14194444444444446 0.0200625 0.03309722222222222