0 0.3411484375 0.1723611111111111 0.022578124999999998 0.031625
0 0.621265625 0.3234444444444444 0.0297578125 0.03688888888888889
0 0.7102578125 0.43815277777777784 0.0335859375 0.06801388888888889
0 0.7040625 0.3788611111111111 0.024875 0.0615
0 0.6953828125 0.29431944444444447 0.024359375 0.07223611111111111
0 0.7245468749999999 0.5817638888888889 0.0306640625 0.08959722222222223
0 0.7350703125 0.6282777777777778 0.026500000000000003 0.08306944444444445
0 0.7143046875 0.7559166666666667 0.04375 0.06069444444444445
0 0.7129531250000001 0.8161111111111111 0.0378984375 0.09876388888888889
0 0.7493203125 0.8174166666666666 0.0293203125 0.09933333333333333
0 0.756046875 0.9549166666666666 0.025984374999999997 0.06556944444444444
0 0.7213437500000001 0.9638472222222223 0.04803125 0.07230555555555555
0 0.643078125 0.9438055555555555 0.05715625 0.06355555555555556
0 0.44175000000000003 0.9289583333333333 0.0316640625 0.05588888888888889
0 0.3920859375 0.9789583333333334 0.050007812500000005 0.042083333333333334
0 0.5489375 0.15334722222222222 0.022546875 0.03702777777777778
0 0.6155781250000001 0.24004166666666668 0.040031250000000004 0.04223611111111111