0 0.34228125 0.17470833333333335 0.023125 0.03083333333333333
0 0.6223124999999999 0.32095833333333335 0.023320312500000002 0.04031944444444445
0 0.709640625 0.43379166666666663 0.0350234375 0.07245833333333333
0 0.7039921875 0.3821666666666667 0.024734375 0.059472222222222225
0 0.723546875 0.521986111111111 0.0290078125 0.07290277777777777
0 0.72475 0.5839722222222222 0.029867187499999996 0.08424999999999999
0 0.7360390625 0.7010138888888889 0.0390234375 0.06494444444444444
0 0.7336328125 0.77225 0.035421875000000005 0.0901111111111111
0 0.712984375 0.8142638888888889 0.037093749999999995 0.0955
0 0.7493203125 0.8195555555555556 0.0293203125 0.09506944444444444
0 0.7585390624999999 0.9442777777777778 0.023929687499999998 0.07512500000000001
0 0.7263203125000001 0.9637638888888889 0.039515625 0.07247222222222222
0 0.6818046875 0.9284861111111111 0.0377109375 0.09820833333333333
0 0.446171875 0.9351527777777777 0.0357890625 0.049833333333333334
0 0.39353125 0.9791805555555555 0.048765625 0.04163888888888889
0 0.4258671875 0.992875 0.037093749999999995 0.01423611111111111
0 0.5470390625 0.14254166666666665 0.0208125 0.0315
0 0.55096875 0.17369444444444446 0.017781250000000002 0.050930555555555555