0 0.341796875 0.17501388888888889 0.021765625 0.02676388888888889
0 0.70125 0.37954166666666667 0.027742187499999998 0.06245833333333333
0 0.6921875 0.26902777777777775 0.0212890625 0.07231944444444445
0 0.719453125 0.5285972222222222 0.030898437499999997 0.08666666666666667
0 0.72978125 0.6248055555555556 0.026984374999999998 0.077
0 0.7116015625000001 0.76025 0.04425 0.066625
0 0.73828125 0.888875 0.0417109375 0.06583333333333333
0 0.6384765625 0.44513888888888886 0.031765625 0.0794861111111111
0 0.7367265625 0.9796805555555556 0.032468750000000005 0.04063888888888889
0 0.441125 0.9270694444444445 0.029593750000000002 0.052222222222222225
0 0.40034375000000005 0.9045555555555556 0.037921875 0.08738888888888889
0 0.708453125 0.436 0.035203125 0.06590277777777778
0 0.75478125 0.9581527777777777 0.0258515625 0.07125
0 0.74925 0.8197361111111111 0.028476562500000004 0.09418055555555556
0 0.564984375 0.15741666666666668 0.01890625 0.03841666666666667
0 0.63196875 0.29156944444444444 0.0290078125 0.06381944444444444
0 0.3069296875 0.9849444444444444 0.0580859375 0.030125000000000002