0 0.3411484375 0.1723611111111111 0.022578124999999998 0.031625
0 0.709484375 0.43769444444444444 0.0335859375 0.06801388888888889
0 0.7040625 0.3788611111111111 0.024875 0.0615
0 0.6965546875 0.2964861111111111 0.02396875 0.07068055555555555
0 0.7226250000000001 0.5249027777777778 0.030601562500000002 0.08901388888888889
0 0.732140625 0.6235555555555555 0.023671875000000002 0.07731944444444444
0 0.7118828125000001 0.7569305555555556 0.0505 0.06206944444444444
0 0.71196875 0.8290833333333334 0.0487109375 0.06561111111111112
0 0.7493203125 0.8174166666666666 0.0293203125 0.09933333333333333
0 0.756046875 0.9549166666666666 0.025984374999999997 0.06556944444444444
0 0.7215234374999999 0.9631527777777779 0.047671875 0.07368055555555555
0 0.44139062500000004 0.9293611111111111 0.0309375 0.05509722222222223
0 0.5627109375 0.14613888888888887 0.0266015625 0.03286111111111111
0 0.616078125 0.24095833333333336 0.04046875 0.042375
0 0.645328125 0.9427361111111111 0.0532890625 0.06720833333333333
0 0.392484375 0.9784861111111111 0.0508828125 0.043041666666666666
0 0.62153125 0.331 0.0188671875 0.029305555555555557