0 0.34054687499999997 0.1740972222222222 0.0214375 0.02965277777777778
0 0.565125 0.15594444444444444 0.0189296875 0.03815277777777778
0 0.6210078125 0.3314861111111111 0.0209140625 0.02725
0 0.695671875 0.29662499999999997 0.02215625 0.06897222222222221
0 0.7040390624999999 0.3818194444444445 0.027625 0.059680555555555556
0 0.708796875 0.43543055555555554 0.031492187500000005 0.07234722222222223
0 0.719015625 0.5292222222222223 0.0315546875 0.08704166666666667
0 0.730421875 0.6202777777777778 0.0285078125 0.07443055555555556
0 0.7121171875 0.7573749999999999 0.0495 0.061638888888888896
0 0.7366718750000001 0.8871527777777778 0.039125 0.07363888888888889
0 0.749046875 0.8190972222222223 0.03 0.09929166666666665
0 0.7210546875 0.9626388888888889 0.0462578125 0.07470833333333333
0 0.754890625 0.9484027777777778 0.024515625 0.07890277777777778
0 0.4410078125 0.9271388888888888 0.031117187499999997 0.057861111111111106
0 0.39851562500000004 0.909 0.04653125 0.08340277777777777
0 0.6353359375000001 0.7499027777777777 0.0353671875 0.09040277777777778
0 0.31546875 0.9716250000000001 0.0631875 0.05675
0 0.381328125 0.9729444444444444 0.0304453125 0.05411111111111111
0 0.617296875 0.24125 0.039015625 0.04604166666666666