0 0.3421953125 0.17502777777777778 0.0255546875 0.02761111111111111
0 0.605171875 0.27852777777777776 0.026921875 0.03826388888888889
0 0.623875 0.30374999999999996 0.0277890625 0.03686111111111111
0 0.68853125 0.2961944444444444 0.0273125 0.05522222222222222
0 0.7041796875 0.3841111111111111 0.0255546875 0.06190277777777778
0 0.72421875 0.5195000000000001 0.0250546875 0.06547222222222222
0 0.7253515625 0.5805138888888889 0.0288046875 0.09129166666666667
0 0.7362421875 0.6969722222222222 0.0325625 0.07215277777777779
0 0.7339921875 0.7722361111111111 0.0345703125 0.08906944444444444
0 0.7128203125 0.8143194444444444 0.0363203125 0.09397222222222222
0 0.7483984375 0.8837916666666668 0.0358203125 0.08684722222222223
0 0.6818828124999999 0.9294444444444445 0.037078125 0.09084722222222222
0 0.7259765625 0.9642777777777778 0.0340703125 0.07144444444444444
0 0.75721875 0.9465 0.021734375 0.07669444444444444
0 0.44540625 0.9347916666666666 0.0340703125 0.049874999999999996
0 0.390671875 0.979638888888889 0.053359375 0.04072222222222222
0 0.4256171875 0.9921111111111112 0.0360703125 0.015777777777777776