0 0.3411484375 0.1723611111111111 0.022578124999999998 0.031625
0 0.637640625 0.3705416666666667 0.0219140625 0.04929166666666667
0 0.7102578125 0.43815277777777784 0.0335859375 0.06801388888888889
0 0.7040625 0.3788611111111111 0.024875 0.0615
0 0.6965546875 0.2964861111111111 0.02396875 0.07068055555555555
0 0.7193359375 0.5311388888888889 0.0313125 0.08323611111111111
0 0.7301484375 0.6209583333333333 0.028328125 0.07584722222222222
0 0.711765625 0.7562222222222222 0.048828125 0.060097222222222225
0 0.7364453125 0.8880833333333332 0.0395234375 0.07648611111111112
0 0.7493203125 0.8174166666666666 0.0293203125 0.09933333333333333
0 0.756046875 0.9549166666666666 0.025984374999999997 0.06556944444444444
0 0.7213437500000001 0.9638472222222223 0.04803125 0.07230555555555555
0 0.6534921875 0.5989722222222222 0.031117187499999997 0.09480555555555556
0 0.4409375 0.9263611111111112 0.0300390625 0.061097222222222226
0 0.3846015625 0.9723055555555555 0.0350390625 0.05538888888888889
0 0.565171875 0.15634722222222222 0.0215390625 0.038375
0 0.6163046875 0.24095833333333336 0.040031250000000004 0.042375
0 0.3981875 0.9086666666666667 0.0465390625 0.08388888888888889
0 0.311296875 0.9822500000000001 0.05695312500000001 0.0355