0 0.3420546875 0.1760138888888889 0.022 0.029694444444444443
0 0.703171875 0.3839166666666667 0.027187499999999996 0.060625
0 0.6755078125 0.34830555555555553 0.0188046875 0.04761111111111111
0 0.7208125 0.5178611111111111 0.032882812500000004 0.07309722222222223
0 0.7276171875 0.5787638888888889 0.031578125 0.08918055555555554
0 0.735703125 0.7012916666666666 0.0309765625 0.08616666666666667
0 0.7327656250000001 0.775638888888889 0.0361796875 0.08026388888888888
0 0.6806640625 0.9320277777777777 0.036601562500000004 0.07994444444444444
0 0.7200624999999999 0.8578055555555556 0.0361328125 0.09922222222222223
0 0.7488515625 0.9875972222222222 0.03621875 0.024805555555555556
0 0.3951328125 0.9773333333333333 0.043710937500000005 0.04531944444444445
0 0.44475781249999996 0.9369861111111111 0.033703125 0.050402777777777776
0 0.7514062499999999 0.8869722222222223 0.029148437500000002 0.08481944444444445
0 0.733703125 0.9669722222222222 0.0456875 0.06605555555555556
0 0.5524765625 0.40443055555555557 0.0339296875 0.07427777777777778