0 0.3421953125 0.17502777777777778 0.0255546875 0.02761111111111111
0 0.5676249999999999 0.23701388888888889 0.022 0.049055555555555554
0 0.6235546875 0.304375 0.0280859375 0.03869444444444444
0 0.693640625 0.40690277777777784 0.0370859375 0.06590277777777778
0 0.70340625 0.38263888888888886 0.0245546875 0.0635
0 0.72421875 0.5195000000000001 0.0250546875 0.06547222222222222
0 0.7253515625 0.5805138888888889 0.0288046875 0.09129166666666667
0 0.7362421875 0.6969722222222222 0.0325625 0.07215277777777779
0 0.7339921875 0.7722361111111111 0.0345703125 0.08906944444444444
0 0.7128203125 0.8143194444444444 0.0363203125 0.09397222222222222
0 0.7498828125 0.82275 0.029695312499999998 0.09481944444444444
0 0.6827890625 0.9271527777777777 0.0373046875 0.0953888888888889
0 0.7259765625 0.9642777777777778 0.0340703125 0.07144444444444444
0 0.7576171875 0.9424861111111111 0.024234375 0.07845833333333334
0 0.44540625 0.9347916666666666 0.0340703125 0.049874999999999996
0 0.390671875 0.979638888888889 0.053359375 0.04072222222222222
0 0.4256171875 0.9921111111111112 0.0360703125 0.015777777777777776