0 0.341796875 0.17501388888888889 0.021765625 0.02676388888888889
0 0.7033125 0.3845833333333333 0.026875 0.06093055555555555
0 0.7206015625 0.5197361111111111 0.0363125 0.07444444444444445
0 0.726421875 0.5801805555555556 0.030125000000000002 0.08666666666666667
0 0.7359609375 0.7031527777777777 0.029703125000000004 0.08509722222222223
0 0.733515625 0.7739166666666667 0.0346953125 0.08277777777777778
0 0.7130390625 0.8156111111111112 0.0341796875 0.09979166666666665
0 0.6809921875 0.9262638888888889 0.035703125 0.09662499999999999
0 0.7323046875 0.9651388888888889 0.047796875 0.06972222222222223
0 0.44630468749999996 0.9350138888888889 0.0352421875 0.04804166666666667
0 0.39190625 0.9804583333333332 0.0517109375 0.03908333333333333
0 0.42437500000000006 0.9920694444444444 0.034734375 0.015097222222222222
0 0.6427578125 0.2892777777777778 0.012484375 0.01575
0 0.56053125 0.23675000000000002 0.01990625 0.03884722222222222
0 0.7492421874999999 0.9848750000000001 0.0371484375 0.030250000000000003
0 0.5841484375 0.26125 0.0185390625 0.04052777777777778
0 0.7480703125 0.8846666666666667 0.0383671875 0.08313888888888889