0 0.34054687499999997 0.1740972222222222 0.0214375 0.02965277777777778
0 0.5650546875 0.1565 0.0193671875 0.037875
0 0.63465625 0.28575 0.026687499999999996 0.05469444444444445
0 0.7040390624999999 0.3818194444444445 0.027625 0.059680555555555556
0 0.708796875 0.43543055555555554 0.031492187500000005 0.07234722222222223
0 0.719015625 0.5292222222222223 0.0315546875 0.08704166666666667
0 0.730421875 0.6202777777777778 0.0285078125 0.07443055555555556
0 0.711375 0.7576527777777777 0.050992187499999994 0.06108333333333333
0 0.7366718750000001 0.8871527777777778 0.039125 0.07363888888888889
0 0.749046875 0.8190972222222223 0.03 0.09929166666666665
0 0.7386484375 0.9779583333333334 0.034171875000000004 0.04408333333333333
0 0.753046875 0.9529166666666667 0.028203125000000002 0.069875
0 0.44121875 0.9268472222222223 0.031546875 0.056916666666666664
0 0.3997421875 0.9054305555555555 0.040859374999999996 0.08956944444444444
0 0.6394765625 0.4454444444444445 0.030421874999999998 0.07995833333333334
0 0.6925078124999999 0.25655555555555554 0.022578124999999998 0.06345833333333332
0 0.31646874999999997 0.9839027777777777 0.04503125 0.03219444444444444