0 0.341796875 0.17501388888888889 0.021765625 0.02676388888888889
0 0.7020625 0.3824444444444445 0.029375000000000002 0.056666666666666664
0 0.7206015625 0.5197361111111111 0.0363125 0.07444444444444445
0 0.726421875 0.5801805555555556 0.030125000000000002 0.08666666666666667
0 0.737484375 0.6956666666666667 0.038 0.07169444444444444
0 0.7332734375000001 0.7774027777777778 0.034203125 0.07581944444444445
0 0.7128671875 0.8117777777777778 0.0361640625 0.09695833333333334
0 0.6809921875 0.934138888888889 0.035703125 0.0808611111111111
0 0.7280703125 0.9634722222222223 0.033671875000000004 0.07305555555555555
0 0.44630468749999996 0.9350138888888889 0.0352421875 0.04804166666666667
0 0.39190625 0.9804583333333332 0.0517109375 0.03908333333333333
0 0.42503906249999995 0.9925 0.036421875 0.01498611111111111
0 0.707546875 0.43455555555555553 0.0320859375 0.07090277777777777
0 0.75771875 0.9459722222222222 0.0258515625 0.07125
0 0.6167109375 0.3282083333333333 0.027203125 0.03198611111111111
0 0.74925 0.8219166666666666 0.028476562500000004 0.08983333333333335
0 0.5487031250000001 0.15345833333333334 0.0220546875 0.034236111111111106
0 0.61878125 0.21776388888888887 0.0341796875 0.05391666666666667