0 0.341796875 0.17501388888888889 0.021765625 0.02676388888888889
0 0.7020625 0.3824444444444445 0.029375000000000002 0.056666666666666664
0 0.7206015625 0.5197361111111111 0.0363125 0.07444444444444445
0 0.726421875 0.5801805555555556 0.030125000000000002 0.08666666666666667
0 0.7325859375 0.6612916666666666 0.029187499999999998 0.07256944444444445
0 0.7136875 0.7613055555555556 0.040078125 0.0645138888888889
0 0.7128671875 0.8117777777777778 0.0361640625 0.09695833333333334
0 0.63765625 0.9415416666666666 0.0626328125 0.06433333333333334
0 0.7280703125 0.9634722222222223 0.033671875000000004 0.07305555555555555
0 0.44630468749999996 0.9350138888888889 0.0352421875 0.04804166666666667
0 0.39190625 0.9804583333333332 0.0517109375 0.03908333333333333
0 0.42488281250000004 0.9929166666666667 0.036421875 0.014152777777777776
0 0.7087343749999999 0.43343055555555554 0.0338359375 0.07075
0 0.75478125 0.9581527777777777 0.0258515625 0.07125
0 0.61546875 0.3201111111111111 0.031117187499999997 0.036500000000000005
0 0.74925 0.8197361111111111 0.028476562500000004 0.09418055555555556
0 0.549625 0.153625 0.023320312500000002 0.036430555555555556
0 0.617890625 0.21395833333333336 0.0287421875 0.05301388888888889