0 0.34054687499999997 0.1740972222222222 0.0214375 0.02965277777777778
0 0.5650546875 0.1565 0.0193671875 0.037875
0 0.63371875 0.2856388888888889 0.026390625 0.05544444444444445
0 0.7040390624999999 0.3818194444444445 0.027625 0.059680555555555556
0 0.708796875 0.43543055555555554 0.031492187500000005 0.07234722222222223
0 0.719015625 0.5292222222222223 0.0315546875 0.08704166666666667
0 0.730421875 0.6202777777777778 0.0285078125 0.07443055555555556
0 0.711375 0.7576527777777777 0.050992187499999994 0.06108333333333333
0 0.7366718750000001 0.8871527777777778 0.039125 0.07363888888888889
0 0.749046875 0.8190972222222223 0.03 0.09929166666666665
0 0.7405625 0.9855972222222222 0.0360234375 0.028819444444444446
0 0.754515625 0.9525138888888888 0.025265625000000003 0.06908333333333333
0 0.44121875 0.9251250000000001 0.031546875 0.060347222222222226
0 0.3997421875 0.9054305555555555 0.040859374999999996 0.08956944444444444
0 0.6371484374999999 0.44655555555555554 0.034546875 0.07769444444444444
0 0.6870234375 0.23308333333333334 0.0213984375 0.059083333333333335
0 0.3169921875 0.9830277777777777 0.0439765625 0.03395833333333333