0 0.3419453125 0.17452777777777778 0.0235859375 0.030375000000000003
0 0.6213046875 0.32025000000000003 0.0349921875 0.035736111111111114
0 0.7082421875 0.4365277777777778 0.034687499999999996 0.0647638888888889
0 0.7039921875 0.3821666666666667 0.024734375 0.059472222222222225
0 0.6852343750000001 0.33587500000000003 0.021546875 0.06836111111111111
0 0.7246484375 0.5817083333333333 0.0300703125 0.08881944444444445
0 0.7373125 0.6439583333333333 0.027445312500000003 0.08022222222222222
0 0.7132890625 0.7564166666666666 0.0457890625 0.06168055555555555
0 0.7128046875 0.8158749999999999 0.0374453125 0.09225
0 0.7493203125 0.8174166666666666 0.0293203125 0.09933333333333333
0 0.756046875 0.957763888888889 0.025984374999999997 0.05988888888888889
0 0.7235703124999999 0.9630833333333333 0.0424921875 0.07383333333333333
0 0.641046875 0.9386944444444445 0.061554687500000003 0.06795833333333333
0 0.446109375 0.9362222222222223 0.03565625 0.048374999999999994
0 0.39353125 0.9791805555555555 0.048765625 0.04163888888888889
0 0.4258671875 0.992875 0.037093749999999995 0.01423611111111111
0 0.5501953125 0.15345833333333334 0.0271015625 0.034958333333333334
0 0.6168359375 0.21931944444444443 0.033734375 0.05433333333333333
0 0.545609375 0.9819861111111111 0.04359375 0.03601388888888889