0 0.341796875 0.17501388888888889 0.021765625 0.02676388888888889
0 0.70375 0.3815416666666666 0.026000000000000002 0.05845833333333334
0 0.7206015625 0.5197361111111111 0.0363125 0.07444444444444445
0 0.726421875 0.5801805555555556 0.030125000000000002 0.08666666666666667
0 0.737484375 0.7000138888888888 0.0370234375 0.06125
0 0.733515625 0.7739166666666667 0.0346953125 0.08277777777777778
0 0.7128671875 0.8117777777777778 0.0361640625 0.09695833333333334
0 0.6814843749999999 0.9268194444444444 0.0347109375 0.09551388888888888
0 0.7265859375 0.9634722222222223 0.034664062499999995 0.07305555555555555
0 0.44630468749999996 0.9350138888888889 0.0352421875 0.04804166666666667
0 0.39190625 0.9804583333333332 0.0517109375 0.03908333333333333
0 0.42459375 0.9925416666666667 0.0364296875 0.014916666666666667
0 0.7078203125 0.4350972222222222 0.0323515625 0.07080555555555555
0 0.75771875 0.9459722222222222 0.0258515625 0.07125
0 0.6167265625 0.3274722222222222 0.027242187499999997 0.035194444444444445
0 0.74925 0.8219166666666666 0.028476562500000004 0.08983333333333335
0 0.54796875 0.15512499999999999 0.0206796875 0.03286111111111111