0 0.3422109375 0.17497222222222222 0.02309375 0.02634722222222222
0 0.675015625 0.3483611111111111 0.0173125 0.03954166666666666
0 0.70446875 0.38369444444444445 0.0257265625 0.06068055555555555
0 0.5574296875 0.40319444444444447 0.032421875 0.07304166666666667
0 0.7215703125 0.5197916666666667 0.0335078125 0.07459722222222222
0 0.7285625 0.5794305555555556 0.03525 0.08702777777777777
0 0.7365468749999999 0.7022083333333333 0.030382812500000002 0.08416666666666667
0 0.733859375 0.7726944444444445 0.034398437500000004 0.08298611111111111
0 0.7516406250000001 0.886388888888889 0.0310859375 0.08297222222222222
0 0.7181875 0.8608611111111112 0.0416640625 0.09490277777777778
0 0.6802109375 0.9334166666666666 0.033484375 0.07388888888888889
0 0.7375390625 0.9683472222222222 0.052531249999999995 0.06330555555555556
0 0.7497421875 0.9875555555555555 0.035796875 0.024861111111111108
0 0.4456328125 0.9342638888888888 0.0328359375 0.049166666666666664
0 0.3911171875 0.9809583333333333 0.0518125 0.03808333333333334