0 0.3411484375 0.1723611111111111 0.022578124999999998 0.031625
0 0.6373203125 0.3662916666666667 0.026687499999999996 0.042777777777777776
0 0.709484375 0.43769444444444444 0.0335859375 0.06801388888888889
0 0.7040625 0.3788611111111111 0.024875 0.0615
0 0.6965546875 0.2964861111111111 0.02396875 0.07068055555555555
0 0.7195078125000001 0.5297638888888889 0.032234374999999996 0.08822222222222223
0 0.729859375 0.6203194444444444 0.0273828125 0.07679166666666666
0 0.711765625 0.7562222222222222 0.048828125 0.060097222222222225
0 0.738078125 0.8891666666666668 0.0447578125 0.07794444444444444
0 0.7493203125 0.8174166666666666 0.0293203125 0.09933333333333333
0 0.756046875 0.9549166666666666 0.025984374999999997 0.06556944444444444
0 0.7215234374999999 0.9631527777777779 0.047671875 0.07368055555555555
0 0.44139062500000004 0.9293611111111111 0.0309375 0.05509722222222223
0 0.383390625 0.9719166666666667 0.0358828125 0.05616666666666666
0 0.5652109375000001 0.1562361111111111 0.0216484375 0.04001388888888889
0 0.6163046875 0.24095833333333336 0.040031250000000004 0.042375
0 0.654203125 0.5295416666666667 0.0309375 0.09763888888888889
0 0.39733593749999996 0.9085833333333333 0.0472421875 0.08398611111111111
0 0.3093203125 0.9822361111111112 0.060781249999999995 0.035513888888888887