0 0.34228125 0.17470833333333335 0.023125 0.03083333333333333
0 0.6240703125 0.3043194444444445 0.0284609375 0.03963888888888889
0 0.7086953125 0.4308472222222222 0.033695312500000005 0.06590277777777778
0 0.7043125 0.3836805555555556 0.02409375 0.06251388888888888
0 0.72334375 0.5217916666666667 0.0250546875 0.06808333333333334
0 0.7240078125 0.5800555555555555 0.029867187499999996 0.09206944444444445
0 0.737078125 0.7006249999999999 0.0373828125 0.057444444444444444
0 0.73321875 0.7720833333333333 0.0332421875 0.08736111111111111
0 0.712984375 0.8142638888888889 0.037093749999999995 0.0955
0 0.7493203125 0.8195555555555556 0.0293203125 0.09506944444444444
0 0.7579609375 0.9459861111111111 0.023929687499999998 0.07512500000000001
0 0.726234375 0.9637638888888889 0.0332421875 0.07247222222222222
0 0.6818671875 0.9273611111111112 0.0362109375 0.09701388888888889
0 0.446171875 0.9351527777777777 0.0357890625 0.049833333333333334
0 0.39353125 0.9791805555555555 0.048765625 0.04163888888888889
0 0.4258671875 0.992875 0.037093749999999995 0.01423611111111111
0 0.5510703125 0.17266666666666666 0.016453125 0.052263888888888894
0 0.5464140625 0.14426388888888889 0.018546874999999997 0.0335