0 0.341796875 0.17501388888888889 0.021765625 0.02676388888888889
0 0.6752109374999999 0.34868055555555555 0.0173828125 0.04120833333333333
0 0.7033125 0.3845833333333333 0.026875 0.06093055555555555
0 0.61896875 0.4545138888888889 0.036515625 0.058333333333333334
0 0.7206015625 0.5197361111111111 0.0363125 0.07444444444444445
0 0.726421875 0.5801805555555556 0.030125000000000002 0.08666666666666667
0 0.7359609375 0.7031527777777777 0.029703125000000004 0.08509722222222223
0 0.7391875 0.7890277777777778 0.034414062499999995 0.08206944444444444
0 0.7493203125 0.8859166666666667 0.032546874999999996 0.08786111111111111
0 0.7183437500000001 0.86925 0.036789062500000004 0.0953611111111111
0 0.6809921875 0.934138888888889 0.035703125 0.0808611111111111
0 0.7399218750000001 0.9646944444444445 0.05307031250000001 0.057805555555555554
0 0.7499687500000001 0.9926805555555556 0.03553125 0.014638888888888887
0 0.4436640625 0.9353055555555555 0.0299609375 0.04744444444444444
0 0.3888203125 0.9791805555555555 0.053859375 0.04163888888888889
0 0.7068203125 0.9908333333333333 0.0233984375 0.018319444444444444
0 0.502640625 0.9975277777777778 0.027750000000000004 0.004944444444444445