0 0.341125 0.17358333333333334 0.021601562499999998 0.03113888888888889
0 0.5665703125 0.17151388888888888 0.0188515625 0.036680555555555557
0 0.6345234375000001 0.2850138888888889 0.0285625 0.052069444444444446
0 0.7040390624999999 0.3818194444444445 0.027625 0.059680555555555556
0 0.708796875 0.43543055555555554 0.031492187500000005 0.07234722222222223
0 0.719015625 0.5292222222222223 0.0315546875 0.08704166666666667
0 0.730421875 0.6202777777777778 0.0285078125 0.07443055555555556
0 0.71178125 0.7576527777777777 0.0501953125 0.06108333333333333
0 0.7366718750000001 0.8871527777777778 0.039125 0.07363888888888889
0 0.749046875 0.8190972222222223 0.03 0.09929166666666665
0 0.7399843749999999 0.987763888888889 0.0360546875 0.024458333333333332
0 0.754515625 0.9525138888888888 0.025265625000000003 0.06908333333333333
0 0.4413203125 0.9294166666666666 0.03175 0.05177777777777778
0 0.40014843750000006 0.9054305555555555 0.040054687500000005 0.08956944444444444
0 0.6390546875 0.4446805555555556 0.029906250000000002 0.08030555555555556
0 0.6769999999999999 0.20048611111111111 0.0240390625 0.05106944444444445
0 0.3098984375 0.9805972222222222 0.050624999999999996 0.03879166666666667
0 0.4455703125 0.16977777777777778 0.031171874999999998 0.035416666666666666