0 0.3411484375 0.1723611111111111 0.022578124999999998 0.031625
0 0.619890625 0.32231944444444444 0.022343750000000002 0.03661111111111111
0 0.7102578125 0.43815277777777784 0.0335859375 0.06801388888888889
0 0.7040625 0.3788611111111111 0.024875 0.0615
0 0.6965546875 0.2930277777777778 0.02396875 0.07761111111111112
0 0.7245468749999999 0.5817638888888889 0.0306640625 0.08959722222222223
0 0.7350703125 0.6282777777777778 0.026500000000000003 0.08306944444444445
0 0.7143046875 0.7559166666666667 0.04375 0.06069444444444445
0 0.7129531250000001 0.8161111111111111 0.0378984375 0.09876388888888889
0 0.7493203125 0.8174166666666666 0.0293203125 0.09933333333333333
0 0.756046875 0.9549166666666666 0.025984374999999997 0.06556944444444444
0 0.7213437500000001 0.9638472222222223 0.04803125 0.07230555555555555
0 0.643078125 0.9438055555555555 0.05715625 0.06355555555555556
0 0.44175000000000003 0.9289583333333333 0.0316640625 0.05588888888888889
0 0.3920859375 0.9789583333333334 0.050007812500000005 0.042083333333333334
0 0.551828125 0.1448611111111111 0.0277578125 0.035486111111111114
0 0.6163046875 0.24095833333333336 0.040031250000000004 0.042375