0 0.3421953125 0.17502777777777778 0.0255546875 0.02761111111111111
0 0.6068671875 0.2813472222222222 0.0241015625 0.035555555555555556
0 0.623734375 0.30495833333333333 0.025359375 0.03745833333333333
0 0.6825546874999999 0.28229166666666666 0.029515625 0.05344444444444444
0 0.7036484375 0.38306944444444446 0.0245546875 0.0635
0 0.72421875 0.5195000000000001 0.0250546875 0.06547222222222222
0 0.7253515625 0.5805138888888889 0.0288046875 0.09129166666666667
0 0.7362421875 0.6969722222222222 0.0325625 0.07215277777777779
0 0.7339921875 0.7722361111111111 0.0345703125 0.08906944444444444
0 0.7128203125 0.8143194444444444 0.0363203125 0.09397222222222222
0 0.7489140625 0.8841111111111111 0.035648437500000005 0.07831944444444444
0 0.6831796875 0.9281527777777777 0.0365234375 0.09340277777777778
0 0.7259765625 0.9642777777777778 0.0340703125 0.07144444444444444
0 0.7578437499999999 0.9520555555555555 0.026445312500000002 0.0758888888888889
0 0.44540625 0.9347916666666666 0.0340703125 0.049874999999999996
0 0.390671875 0.979638888888889 0.053359375 0.04072222222222222
0 0.4256171875 0.9921111111111112 0.0360703125 0.015777777777777776