0 0.341796875 0.17501388888888889 0.021765625 0.02676388888888889
0 0.7020625 0.3824444444444445 0.029375000000000002 0.056666666666666664
0 0.7206015625 0.5197361111111111 0.0363125 0.07444444444444445
0 0.726421875 0.5801805555555556 0.030125000000000002 0.08666666666666667
0 0.737484375 0.7000138888888888 0.0370234375 0.06125
0 0.733515625 0.7739166666666667 0.0346953125 0.08277777777777778
0 0.7128671875 0.8117777777777778 0.0361640625 0.09695833333333334
0 0.6809921875 0.926875 0.035703125 0.0953888888888889
0 0.7266250000000001 0.9634722222222223 0.0365546875 0.07305555555555555
0 0.44630468749999996 0.9350138888888889 0.0352421875 0.04804166666666667
0 0.39190625 0.9804583333333332 0.0517109375 0.03908333333333333
0 0.42553124999999997 0.993013888888889 0.03615625 0.013972222222222223
0 0.708296875 0.435625 0.032625 0.07306944444444444
0 0.75771875 0.9459722222222222 0.0258515625 0.07125
0 0.6174062499999999 0.3283055555555556 0.02703125 0.034013888888888885
0 0.74925 0.8219166666666666 0.028476562500000004 0.08983333333333335
0 0.54759375 0.1537361111111111 0.0196171875 0.03098611111111111