0 0.34228125 0.17470833333333335 0.023125 0.03083333333333333
0 0.5922109375 0.2688888888888889 0.0281171875 0.04377777777777778
0 0.62434375 0.3033888888888889 0.029867187499999996 0.03640277777777778
0 0.6861796874999999 0.35205555555555557 0.0259140625 0.06097222222222222
0 0.70359375 0.3836805555555556 0.02553125 0.06251388888888888
0 0.72334375 0.5217916666666667 0.0250546875 0.06808333333333334
0 0.7247890625 0.5795972222222222 0.029867187499999996 0.09206944444444445
0 0.73575 0.7012083333333333 0.031070312500000002 0.066375
0 0.73321875 0.7720833333333333 0.0332421875 0.08736111111111111
0 0.712984375 0.8142638888888889 0.037093749999999995 0.0955
0 0.7488359375 0.8248055555555556 0.0305078125 0.08098611111111112
0 0.7570078125 0.9497500000000001 0.0290703125 0.06984722222222223
0 0.726234375 0.9637638888888889 0.0332421875 0.07247222222222222
0 0.68203125 0.9313750000000001 0.035890624999999995 0.0916388888888889
0 0.445015625 0.9354444444444444 0.033484375 0.04925
0 0.3909375 0.9791805555555555 0.053953125000000005 0.04163888888888889
0 0.4258671875 0.992875 0.037093749999999995 0.01423611111111111