0 0.3420546875 0.1760138888888889 0.022 0.029694444444444443
0 0.597953125 0.4423055555555555 0.042007812500000005 0.06566666666666666
0 0.703171875 0.3839166666666667 0.027187499999999996 0.060625
0 0.6748203125 0.3485138888888889 0.0171171875 0.04236111111111111
0 0.7208125 0.5178611111111111 0.032882812500000004 0.07309722222222223
0 0.7276171875 0.5787638888888889 0.031578125 0.08918055555555554
0 0.735703125 0.7012916666666666 0.0309765625 0.08616666666666667
0 0.7335 0.7740694444444445 0.0376484375 0.09280555555555554
0 0.6813281250000001 0.9335833333333332 0.034335937500000004 0.07938888888888888
0 0.7201484375 0.8602083333333334 0.0361328125 0.09922222222222223
0 0.749859375 0.9900416666666667 0.038242187500000004 0.019916666666666666
0 0.39371875 0.9821527777777778 0.04959375 0.035666666666666666
0 0.44475781249999996 0.9341666666666667 0.033703125 0.050402777777777776
0 0.7476484375 0.88525 0.035812500000000004 0.08138888888888889
0 0.7340312499999999 0.9682222222222222 0.0438984375 0.06354166666666666