0 0.34228125 0.17470833333333335 0.023125 0.03083333333333333
0 0.6250625000000001 0.3040555555555555 0.0304375 0.039125
0 0.7056484375000001 0.43143055555555554 0.0345703125 0.059069444444444445
0 0.7043125 0.3836805555555556 0.02409375 0.06251388888888888
0 0.72334375 0.5217916666666667 0.0250546875 0.06808333333333334
0 0.7247890625 0.5795972222222222 0.029867187499999996 0.09206944444444445
0 0.7368046875 0.7004444444444444 0.0382890625 0.05845833333333334
0 0.73321875 0.7720833333333333 0.0332421875 0.08736111111111111
0 0.712984375 0.8142638888888889 0.037093749999999995 0.0955
0 0.7493203125 0.8195555555555556 0.0293203125 0.09506944444444444
0 0.75621875 0.947111111111111 0.023929687499999998 0.07512500000000001
0 0.726234375 0.9637638888888889 0.0332421875 0.07247222222222222
0 0.6818671875 0.9273611111111112 0.0362109375 0.09701388888888889
0 0.445015625 0.9354444444444444 0.033484375 0.04925
0 0.3909375 0.9791805555555555 0.053953125000000005 0.04163888888888889
0 0.4258671875 0.992875 0.037093749999999995 0.01423611111111111
0 0.5549062499999999 0.19906944444444447 0.0178984375 0.04984722222222222