0 0.3411015625 0.17516666666666666 0.02275 0.028111111111111108
0 0.5897578125 0.2693055555555556 0.020828125 0.06376388888888888
0 0.6465390625 0.28794444444444445 0.011953125 0.03838888888888889
0 0.70303125 0.38393055555555555 0.027765625 0.06306944444444444
0 0.7196171875 0.5165972222222222 0.025453125 0.06238888888888889
0 0.7248203125 0.5830972222222222 0.029695312499999998 0.08020833333333334
0 0.7354296875 0.6996527777777778 0.032390625 0.07473611111111111
0 0.7336953125 0.7743749999999999 0.032007812499999996 0.07884722222222222
0 0.7217421875000001 0.8237361111111111 0.031234374999999998 0.08433333333333333
0 0.7493125 0.8847638888888889 0.0347109375 0.08295833333333333
0 0.683359375 0.9378472222222223 0.0370078125 0.08745833333333333
0 0.7321484375 0.9662083333333332 0.045890625000000004 0.06759722222222223
0 0.7502734375 0.9871111111111112 0.03740625 0.025763888888888888
0 0.4458046875 0.9337777777777778 0.031625 0.050736111111111114
0 0.3941328125 0.9799166666666667 0.043960937500000005 0.04016666666666667
0 0.42459375 0.9905416666666668 0.03625 0.018916666666666665