0 0.34228125 0.17470833333333335 0.023125 0.03083333333333333
0 0.61646875 0.3191388888888889 0.03434375 0.03695833333333333
0 0.7088984375 0.43379166666666663 0.03353125 0.07245833333333333
0 0.7039921875 0.3821666666666667 0.024734375 0.059472222222222225
0 0.7231875 0.521361111111111 0.0268984375 0.07040277777777777
0 0.72475 0.5809722222222222 0.029867187499999996 0.09025000000000001
0 0.73709375 0.6641527777777778 0.028984375 0.08498611111111111
0 0.71421875 0.7569722222222222 0.043937500000000004 0.06277777777777778
0 0.7128046875 0.8158749999999999 0.0374453125 0.09225
0 0.7493203125 0.8174166666666666 0.0293203125 0.09933333333333333
0 0.7546640625000001 0.9563611111111112 0.0232109375 0.075375
0 0.7259140625 0.9630833333333333 0.040328125 0.07384722222222223
0 0.6437109375000001 0.9400138888888888 0.05728124999999999 0.07062500000000001
0 0.446171875 0.9362222222222223 0.0357890625 0.04769444444444445
0 0.39353125 0.9791805555555555 0.048765625 0.04163888888888889
0 0.4258671875 0.992875 0.037093749999999995 0.01423611111111111
0 0.5487890625 0.152625 0.0271015625 0.034958333333333334
0 0.6173203125 0.21647222222222223 0.0333671875 0.057944444444444444