0 0.3413984375 0.175125 0.022820312500000002 0.026305555555555558
0 0.70446875 0.38369444444444445 0.0257265625 0.06068055555555555
0 0.624328125 0.44995833333333335 0.032375 0.07529166666666667
0 0.7187265625 0.5204722222222222 0.039078125000000005 0.07391666666666666
0 0.7358125 0.7030555555555555 0.0333203125 0.09020833333333333
0 0.44577343750000004 0.9345555555555556 0.0335546875 0.04669444444444444
0 0.408234375 0.9577500000000001 0.036453124999999996 0.0845
0 0.55709375 0.20180555555555557 0.0296875 0.05334722222222222
0 0.679109375 0.3630694444444445 0.026664062500000002 0.04975
0 0.7325234375 0.5928472222222223 0.0254140625 0.082375
0 0.7341328125000001 0.8104305555555555 0.036921875 0.08291666666666667
0 0.721609375 0.8993611111111111 0.0343125 0.09181944444444444
0 0.7523046875 0.8893472222222223 0.033609375000000004 0.08887500000000001
0 0.7498203125 0.9922222222222222 0.03703125 0.015569444444444445
0 0.4488046875 0.9788194444444445 0.034023437499999996 0.04236111111111111
0 0.6817968750000001 0.939513888888889 0.03575 0.07223611111111111
0 0.7415703125 0.9632499999999999 0.0511953125 0.05533333333333334