0 0.341796875 0.17501388888888889 0.021765625 0.02676388888888889
0 0.7033125 0.3845833333333333 0.026875 0.06093055555555555
0 0.7206015625 0.5197361111111111 0.0363125 0.07444444444444445
0 0.726421875 0.5801805555555556 0.030125000000000002 0.08666666666666667
0 0.7359609375 0.7031527777777777 0.029703125000000004 0.08509722222222223
0 0.733515625 0.7739166666666667 0.0346953125 0.08277777777777778
0 0.7184921875 0.8247083333333333 0.0341796875 0.08402777777777778
0 0.6809921875 0.934138888888889 0.035703125 0.0808611111111111
0 0.726109375 0.965486111111111 0.035414062499999996 0.06904166666666667
0 0.4457890625 0.9362361111111112 0.0342109375 0.04559722222222222
0 0.39190625 0.9804583333333332 0.0517109375 0.03908333333333333
0 0.6252734375 0.31036111111111114 0.029203125000000003 0.049055555555555554
0 0.555453125 0.19609722222222223 0.0176171875 0.048930555555555554
0 0.7089531250000001 0.4327777777777778 0.03028125 0.06183333333333334
0 0.7508359375 0.8175555555555556 0.029031249999999998 0.08918055555555554
0 0.7558203125 0.9459305555555556 0.0263125 0.07702777777777778