0 0.34228125 0.17470833333333335 0.023125 0.03083333333333333
0 0.6168046875 0.31958333333333333 0.035015625 0.036069444444444446
0 0.7088984375 0.43379166666666663 0.03353125 0.07245833333333333
0 0.7039921875 0.3821666666666667 0.024734375 0.059472222222222225
0 0.7231875 0.521361111111111 0.0268984375 0.07040277777777777
0 0.72475 0.5809722222222222 0.029867187499999996 0.09025000000000001
0 0.7336953125 0.6777916666666667 0.030453124999999998 0.084625
0 0.7149296875 0.757125 0.042515625 0.06245833333333333
0 0.712984375 0.8174583333333334 0.037093749999999995 0.08909722222222223
0 0.7493203125 0.8174166666666666 0.0293203125 0.09933333333333333
0 0.7546640625000001 0.9563611111111112 0.0232109375 0.075375
0 0.7259140625 0.9630833333333333 0.040328125 0.07384722222222223
0 0.645828125 0.9324583333333334 0.0546171875 0.06666666666666667
0 0.446171875 0.9351527777777777 0.0357890625 0.049833333333333334
0 0.39353125 0.9791805555555555 0.048765625 0.04163888888888889
0 0.4258671875 0.992875 0.037093749999999995 0.01423611111111111
0 0.5487890625 0.152625 0.0271015625 0.034958333333333334
0 0.6173203125 0.21647222222222223 0.0333671875 0.057944444444444444