0 0.341796875 0.17501388888888889 0.021765625 0.02676388888888889
0 0.70125 0.37954166666666667 0.027742187499999998 0.06245833333333333
0 0.69446875 0.29527777777777775 0.02146875 0.06130555555555556
0 0.726421875 0.5801805555555556 0.030125000000000002 0.08666666666666667
0 0.7338828125 0.6301805555555556 0.026203125 0.07919444444444444
0 0.7136875 0.7613055555555556 0.040078125 0.0645138888888889
0 0.7128671875 0.8117777777777778 0.0361640625 0.09695833333333334
0 0.64296875 0.9431805555555556 0.0551796875 0.057263888888888885
0 0.7243125 0.9634722222222223 0.0411875 0.07305555555555555
0 0.441125 0.9270694444444445 0.029593750000000002 0.052222222222222225
0 0.39190625 0.9804583333333332 0.0517109375 0.03908333333333333
0 0.708453125 0.436 0.035203125 0.06590277777777778
0 0.75478125 0.9581527777777777 0.0258515625 0.07125
0 0.621515625 0.32355555555555554 0.03203125 0.04081944444444444
0 0.74925 0.8197361111111111 0.028476562500000004 0.09418055555555556
0 0.549640625 0.15518055555555557 0.027953125000000002 0.03931944444444444
0 0.6164921875 0.23675000000000002 0.0363359375 0.046625