0 0.3420546875 0.1760138888888889 0.022 0.029694444444444443
0 0.570640625 0.17331944444444444 0.03228125 0.034791666666666665
0 0.625890625 0.4487638888888889 0.032171875 0.07355555555555555
0 0.703171875 0.3839166666666667 0.027187499999999996 0.060625
0 0.6792890625 0.3333055555555555 0.0197265625 0.05615277777777778
0 0.7208125 0.5178611111111111 0.032882812500000004 0.07309722222222223
0 0.7276171875 0.5800416666666667 0.031578125 0.08663888888888889
0 0.735703125 0.7012916666666666 0.0309765625 0.08616666666666667
0 0.7342109375 0.8084166666666666 0.0355390625 0.08441666666666667
0 0.6812265625 0.9335138888888889 0.037265625000000004 0.07765277777777778
0 0.7226640625 0.8748611111111111 0.0355390625 0.09429166666666666
0 0.750671875 0.9911805555555555 0.039859375 0.017652777777777778
0 0.3904765625 0.9800833333333333 0.057343750000000006 0.03981944444444445
0 0.44475781249999996 0.9341666666666667 0.033703125 0.050402777777777776
0 0.7517578125 0.885 0.031765625 0.08105555555555556
0 0.7401015625 0.9600694444444444 0.052765625000000003 0.06584722222222222