0 0.341796875 0.17501388888888889 0.021765625 0.02676388888888889
0 0.7020625 0.3824444444444445 0.029375000000000002 0.056666666666666664
0 0.7206015625 0.5197361111111111 0.0363125 0.07444444444444445
0 0.726421875 0.5801805555555556 0.030125000000000002 0.08666666666666667
0 0.737484375 0.7000138888888888 0.0370234375 0.06125
0 0.733515625 0.7739166666666667 0.0346953125 0.08277777777777778
0 0.7128671875 0.8117777777777778 0.0361640625 0.09695833333333334
0 0.6809921875 0.934138888888889 0.035703125 0.0808611111111111
0 0.7280703125 0.9634722222222223 0.033671875000000004 0.07305555555555555
0 0.44630468749999996 0.9350138888888889 0.0352421875 0.04804166666666667
0 0.39190625 0.9804583333333332 0.0517109375 0.03908333333333333
0 0.4245234375 0.9927499999999999 0.03609375 0.014513888888888889
0 0.7084921875 0.4343194444444444 0.033960937499999996 0.07043055555555555
0 0.75771875 0.9459722222222222 0.0258515625 0.07125
0 0.617109375 0.3282777777777778 0.028000000000000004 0.032125
0 0.74925 0.8219166666666666 0.028476562500000004 0.08983333333333335
0 0.5495 0.15256944444444442 0.022945312500000002 0.03308333333333333
0 0.6186484375 0.20650000000000002 0.024546875000000003 0.057402777777777775